1.476244E+7,0,Inf,1.143019E+7,0,Inf,1.139074E+7,1.145831E+7,-0.005914,9185347,0,Inf,1.060019E+7,1.26199E+7,8726315,6101087
1.476459E+7,0,Inf,1.143434E+7,0,Inf,1.138974E+7,1.145259E+7,-0.005503,9186394,0,Inf,1.060407E+7,1.262287E+7,8727505,6103219
1.476224E+7,0,Inf,1.143314E+7,0,Inf,1.13911E+7,1.144807E+7,-0.004989,9189187,0,Inf,1.059849E+7,1.262467E+7,8729457,6103805
1.475958E+7,0,Inf,1.143334E+7,0,Inf,1.139003E+7,1.145221E+7,-0.005444,9187311,0,Inf,1.06013E+7,1.262122E+7,8728745,6100457
1.476329E+7,0,Inf,1.143408E+7,0,Inf,1.139011E+7,1.145421E+7,-0.005612,9186798,0,Inf,1.059924E+7,1.262156E+7,8726883,6100382
1.476388E+7,0,Inf,1.143048E+7,0,Inf,1.139319E+7,1.145742E+7,-0.005622,9191278,0,Inf,1.060193E+7,1.262088E+7,8729889,6102082
1.476194E+7,0,Inf,1.14315E+7,0,Inf,1.139268E+7,1.145794E+7,-0.005712,9186320,0,Inf,1.060041E+7,1.262482E+7,8728054,6100011
1.476282E+7,0,Inf,1.142954E+7,0,Inf,1.139144E+7,1.145268E+7,-0.005361,9188034,0,Inf,1.060116E+7,1.262249E+7,8727267,6098780
1.476237E+7,0,Inf,1.14338E+7,0,Inf,1.138919E+7,1.145642E+7,-0.005885,9193365,0,Inf,1.060059E+7,1.261945E+7,8727723,6103613
1.476602E+7,0,Inf,1.143231E+7,0,Inf,1.138607E+7,1.145856E+7,-0.006347,9190503,0,Inf,1.059707E+7,1.261892E+7,8727744,6101631
1.476211E+7,0,Inf,1.143336E+7,0,Inf,1.139193E+7,1.145285E+7,-0.005333,9189725,0,Inf,1.059895E+7,1.262146E+7,8724516,6102126
1.47641E+7,0,Inf,1.143073E+7,0,Inf,1.138922E+7,1.145264E+7,-0.005553,9185038,0,Inf,1.060015E+7,1.261932E+7,8723169,6102352
1.476242E+7,0,Inf,1.143341E+7,0,Inf,1.138928E+7,1.145257E+7,-0.005542,9188418,0,Inf,1.060122E+7,1.261697E+7,8725813,6096815
1.476309E+7,0,Inf,1.142929E+7,0,Inf,1.13858E+7,1.145479E+7,-0.006042,9187907,0,Inf,1.059829E+7,1.262083E+7,8728057,6099905
1.476039E+7,0,Inf,1.142885E+7,0,Inf,1.139198E+7,1.145106E+7,-0.005173,9188405,0,Inf,1.059858E+7,1.262329E+7,8727955,6102027
1.476107E+7,0,Inf,1.143258E+7,0,Inf,1.13869E+7,1.14581E+7,-0.006233,9185213,0,Inf,1.059874E+7,1.261868E+7,8723027,6102559
1.476377E+7,0,Inf,1.14324E+7,0,Inf,1.139011E+7,1.146087E+7,-0.006193,9189353,0,Inf,1.059892E+7,1.261961E+7,8725087,6105002
1.476225E+7,0,Inf,1.142992E+7,0,Inf,1.138638E+7,1.145224E+7,-0.005767,9185598,0,Inf,1.059697E+7,1.261766E+7,8729110,6104046
1.475922E+7,0,Inf,1.143026E+7,0,Inf,1.138897E+7,1.145522E+7,-0.0058,9185690,0,Inf,1.059515E+7,1.262223E+7,8722784,6099992
1.475743E+7,0,Inf,1.143087E+7,0,Inf,1.138494E+7,1.144856E+7,-0.005573,9183513,0,Inf,1.059867E+7,1.26166E+7,8721987,6102096
1.47606E+7,0,Inf,1.143033E+7,0,Inf,1.138441E+7,1.145106E+7,-0.005837,9181648,0,Inf,1.059897E+7,1.261624E+7,8720881,6100685
1.476102E+7,0,Inf,1.143094E+7,0,Inf,1.138779E+7,1.145791E+7,-0.006139,9184412,0,Inf,1.059432E+7,1.261727E+7,8725108,6099777
1.475576E+7,0,Inf,1.142892E+7,0,Inf,1.138924E+7,1.145933E+7,-0.006135,9182272,0,Inf,1.059764E+7,1.261909E+7,8725090,6101573
1.475706E+7,0,Inf,1.143136E+7,0,Inf,1.138732E+7,1.145187E+7,-0.005653,9185407,0,Inf,1.05975E+7,1.261758E+7,8726796,6103168
1.476088E+7,0,Inf,1.143118E+7,0,Inf,1.138584E+7,1.145123E+7,-0.005727,9183743,0,Inf,1.059423E+7,1.261662E+7,8723708,6098720
1.475802E+7,0,Inf,1.143044E+7,0,Inf,1.138516E+7,1.144259E+7,-0.005032,9183362,0,Inf,1.059764E+7,1.261457E+7,8722054,6100074
1.475624E+7,0,Inf,1.142948E+7,0,Inf,1.138597E+7,1.14571E+7,-0.006227,9182886,0,Inf,1.059566E+7,1.261706E+7,8727155,6103907
1.475786E+7,0,Inf,1.142936E+7,0,Inf,1.13874E+7,1.145632E+7,-0.006034,9183710,0,Inf,1.059249E+7,1.261424E+7,8722774,6099075
1.475972E+7,0,Inf,1.142743E+7,0,Inf,1.138344E+7,1.144686E+7,-0.005556,9182368,0,Inf,1.059552E+7,1.261305E+7,8721323,6100219
1.47565E+7,0,Inf,1.142962E+7,0,Inf,1.138267E+7,1.145513E+7,-0.006345,9179940,0,Inf,1.059163E+7,1.26151E+7,8722353,6097889
1.475741E+7,0,Inf,1.143008E+7,0,Inf,1.138307E+7,1.145012E+7,-0.005873,9182467,0,Inf,1.059448E+7,1.261801E+7,8719893,6098866
1.475691E+7,0,Inf,1.142919E+7,0,Inf,1.138429E+7,1.144214E+7,-0.005069,9178586,0,Inf,1.05918E+7,1.261577E+7,8722029,6102494
1.475584E+7,0,Inf,1.143048E+7,0,Inf,1.138024E+7,1.144643E+7,-0.005799,9178581,0,Inf,1.059142E+7,1.261362E+7,8714637,6104578
1.475547E+7,0,Inf,1.143129E+7,0,Inf,1.138067E+7,1.144821E+7,-0.005917,9184366,0,Inf,1.058952E+7,1.261153E+7,8719130,6099541
1.475622E+7,0,Inf,1.142685E+7,0,Inf,1.138126E+7,1.144728E+7,-0.005784,9180332,0,Inf,1.058967E+7,1.261561E+7,8713885,6101812
1.475477E+7,0,Inf,1.143029E+7,0,Inf,1.138149E+7,1.144328E+7,-0.005415,9180526,0,Inf,1.058852E+7,1.261612E+7,8716535,6103918
1.475387E+7,0,Inf,1.14285E+7,0,Inf,1.137964E+7,1.144381E+7,-0.005624,9182446,0,Inf,1.05916E+7,1.261695E+7,8715538,6104348
1.475496E+7,0,Inf,1.14269E+7,0,Inf,1.138106E+7,1.144095E+7,-0.005249,9181273,0,Inf,1.058591E+7,1.261594E+7,8713774,6101029
1.475493E+7,0,Inf,1.142633E+7,0,Inf,1.137987E+7,1.144371E+7,-0.005594,9181754,0,Inf,1.058763E+7,1.261316E+7,8712770,6103667
1.475434E+7,0,Inf,1.142852E+7,0,Inf,1.137992E+7,1.145002E+7,-0.006141,9178905,0,Inf,1.058828E+7,1.261534E+7,8712339,6102345
1.475545E+7,0,Inf,1.14247E+7,0,Inf,1.137809E+7,1.144506E+7,-0.005868,9181081,0,Inf,1.058949E+7,1.26118E+7,8711652,6102604
1.475545E+7,0,Inf,1.142351E+7,0,Inf,1.138148E+7,1.143821E+7,-0.004972,9180881,0,Inf,1.058665E+7,1.261678E+7,8709472,6105581
1.475075E+7,0,Inf,1.14313E+7,0,Inf,1.13781E+7,1.14499E+7,-0.006291,9181309,0,Inf,1.058659E+7,1.261489E+7,8704667,6102887
1.475441E+7,0,Inf,1.143055E+7,0,Inf,1.137823E+7,1.144381E+7,-0.005748,9180736,0,Inf,1.058744E+7,1.261523E+7,8703692,6105778
1.475592E+7,0,Inf,1.142797E+7,0,Inf,1.137945E+7,1.144391E+7,-0.005649,9177320,0,Inf,1.058413E+7,1.261604E+7,8700419,6106083
1.47498E+7,0,Inf,1.142702E+7,0,Inf,1.137909E+7,1.143887E+7,-0.00524,9178829,0,Inf,1.058539E+7,1.261586E+7,8702203,6101808
1.475002E+7,0,Inf,1.14262E+7,0,Inf,1.138054E+7,1.143687E+7,-0.004938,9180028,0,Inf,1.058493E+7,1.26169E+7,8699234,6103220
1.475221E+7,0,Inf,1.142738E+7,0,Inf,1.137828E+7,1.143512E+7,-0.004983,9179760,0,Inf,1.058199E+7,1.261407E+7,8695247,6101398
1.475085E+7,0,Inf,1.142268E+7,0,Inf,1.137728E+7,1.143382E+7,-0.004957,9179960,0,Inf,1.058456E+7,1.26156E+7,8695156,6102381
1.475107E+7,0,Inf,1.142416E+7,0,Inf,1.137934E+7,1.1431E+7,-0.00453,9180570,0,Inf,1.058307E+7,1.261874E+7,8690537,6105027
1.475075E+7,0,Inf,1.142504E+7,0,Inf,1.137491E+7,1.143968E+7,-0.005678,9179688,0,Inf,1.058306E+7,1.261506E+7,8689890,6104397
1.475166E+7,0,Inf,1.142466E+7,0,Inf,1.137722E+7,1.143948E+7,-0.005458,9180956,0,Inf,1.05848E+7,1.261465E+7,8686493,6105123
1.474811E+7,0,Inf,1.142451E+7,0,Inf,1.137902E+7,1.14353E+7,-0.004933,9181090,0,Inf,1.058253E+7,1.260939E+7,8684763,6103855
1.475096E+7,0,Inf,1.142377E+7,0,Inf,1.137387E+7,1.143387E+7,-0.005261,9179549,0,Inf,1.058057E+7,1.261431E+7,8683484,6102867
1.475046E+7,0,Inf,1.14196E+7,0,Inf,1.137835E+7,1.143489E+7,-0.004957,9178741,0,Inf,1.057971E+7,1.261238E+7,8679044,6106465
1.474719E+7,0,Inf,1.142282E+7,0,Inf,1.137896E+7,1.14287E+7,-0.004361,9176376,0,Inf,1.058133E+7,1.260873E+7,8679253,6104867
1.474523E+7,0,Inf,1.142032E+7,0,Inf,1.137984E+7,1.142365E+7,-0.003843,9177752,0,Inf,1.058014E+7,1.261115E+7,8676795,6106189
1.475117E+7,0,Inf,1.142035E+7,0,Inf,1.137419E+7,1.143042E+7,-0.004932,9175244,0,Inf,1.057778E+7,1.261117E+7,8670262,6106341
1.474954E+7,0,Inf,1.141976E+7,0,Inf,1.138014E+7,1.143309E+7,-0.004642,9174443,0,Inf,1.057884E+7,1.261068E+7,8667492,6102622
1.475016E+7,0,Inf,1.142187E+7,0,Inf,1.137533E+7,1.144014E+7,-0.005681,9175643,0,Inf,1.057868E+7,1.260885E+7,8665945,6106217
1.474829E+7,0,Inf,1.14219E+7,0,Inf,1.137586E+7,1.142322E+7,-0.004154,9173108,0,Inf,1.057609E+7,1.260693E+7,8664174,6103711
1.47456E+7,0,Inf,1.141637E+7,0,Inf,1.137546E+7,1.141698E+7,-0.003643,9176635,0,Inf,1.057734E+7,1.260553E+7,8659872,6102700
1.474936E+7,0,Inf,1.141866E+7,0,Inf,1.137659E+7,1.141933E+7,-0.00375,9176563,0,Inf,1.057277E+7,1.260754E+7,8657528,6105989
1.474714E+7,0,Inf,1.141535E+7,0,Inf,1.137343E+7,1.14244E+7,-0.004472,9175350,0,Inf,1.057657E+7,1.260421E+7,8652879,6106271
1.474588E+7,0,Inf,1.14208E+7,0,Inf,1.137338E+7,1.142013E+7,-0.004102,9177280,0,Inf,1.057804E+7,1.26016E+7,8654101,6105932
1.475002E+7,0,Inf,1.141713E+7,0,Inf,1.13722E+7,1.141955E+7,-0.004154,9175793,0,Inf,1.057534E+7,1.260178E+7,8653439,6105380
1.474537E+7,0,Inf,1.141835E+7,0,Inf,1.137132E+7,1.142414E+7,-0.004635,9176129,0,Inf,1.057368E+7,1.260485E+7,8647275,6104581
1.474316E+7,0,Inf,1.141894E+7,0,Inf,1.136972E+7,1.141278E+7,-0.00378,9172441,0,Inf,1.05754E+7,1.260482E+7,8647420,6106283
1.474425E+7,0,Inf,1.141488E+7,0,Inf,1.137063E+7,1.141416E+7,-0.003821,9177050,0,Inf,1.057445E+7,1.259756E+7,8643046,6107078
1.474763E+7,0,Inf,1.14178E+7,0,Inf,1.137098E+7,1.142019E+7,-0.004318,9174096,0,Inf,1.057036E+7,1.260087E+7,8640837,6107489
1.474294E+7,0,Inf,1.141467E+7,0,Inf,1.137064E+7,1.140849E+7,-0.003324,9170823,0,Inf,1.057369E+7,1.2601E+7,8639182,6106349
1.474339E+7,0,Inf,1.141557E+7,0,Inf,1.13704E+7,1.140785E+7,-0.003288,9172018,0,Inf,1.057643E+7,1.259502E+7,8635976,6105784
1.474465E+7,0,Inf,1.141385E+7,0,Inf,1.136745E+7,1.140926E+7,-0.003671,9170061,0,Inf,1.057156E+7,1.2597E+7,8638096,6103907
1.474718E+7,0,Inf,1.14111E+7,0,Inf,1.136457E+7,1.139956E+7,-0.003075,9173892,0,Inf,1.057301E+7,1.259525E+7,8638164,6102897
1.474519E+7,0,Inf,1.141467E+7,0,Inf,1.136465E+7,1.141221E+7,-0.004176,9175222,0,Inf,1.057336E+7,1.25964E+7,8635629,6108189
1.474657E+7,0,Inf,1.140841E+7,0,Inf,1.136767E+7,1.140599E+7,-0.003365,9171134,0,Inf,1.057316E+7,1.259186E+7,8633223,6108314
1.474496E+7,0,Inf,1.141068E+7,0,Inf,1.136447E+7,1.14116E+7,-0.004138,9172634,0,Inf,1.05725E+7,1.259136E+7,8640281,6109392
1.474389E+7,0,Inf,1.141296E+7,0,Inf,1.136128E+7,1.139822E+7,-0.003246,9173805,0,Inf,1.057105E+7,1.259013E+7,8633342,6108214
1.474186E+7,0,Inf,1.140637E+7,0,Inf,1.136185E+7,1.13981E+7,-0.003186,9172231,0,Inf,1.057034E+7,1.258912E+7,8634442,6103860
1.474021E+7,0,Inf,1.141075E+7,0,Inf,1.136028E+7,1.139629E+7,-0.003164,9171649,0,Inf,1.056631E+7,1.258954E+7,8632951,6108316
1.474331E+7,0,Inf,1.14089E+7,0,Inf,1.135864E+7,1.140522E+7,-0.004093,9171044,0,Inf,1.056913E+7,1.259001E+7,8636107,6106904
1.474082E+7,0,Inf,1.14076E+7,0,Inf,1.135635E+7,1.139841E+7,-0.003697,9169455,0,Inf,1.056539E+7,1.258963E+7,8632525,6103984
1.474075E+7,0,Inf,1.140803E+7,0,Inf,1.135671E+7,1.13918E+7,-0.003085,9170075,0,Inf,1.056958E+7,1.258831E+7,8632899,6106589
1.474277E+7,0,Inf,1.141051E+7,0,Inf,1.135581E+7,1.139887E+7,-0.003784,9167907,0,Inf,1.056441E+7,1.258872E+7,8636133,6105345
1.474048E+7,0,Inf,1.140654E+7,0,Inf,1.135326E+7,1.139087E+7,-0.003308,9170044,0,Inf,1.056574E+7,1.258768E+7,8634964,6104183
1.473968E+7,0,Inf,1.140706E+7,0,Inf,1.135174E+7,1.138766E+7,-0.003159,9168999,0,Inf,1.056498E+7,1.258431E+7,8636044,6107988
1.474212E+7,0,Inf,1.14042E+7,0,Inf,1.135184E+7,1.139129E+7,-0.003469,9168084,0,Inf,1.056916E+7,1.258556E+7,8634385,6108558
1.473767E+7,0,Inf,1.140682E+7,0,Inf,1.135142E+7,1.139412E+7,-0.003754,9167658,0,Inf,1.0567E+7,1.25855E+7,8634202,6109804
1.47399E+7,0,Inf,1.140322E+7,0,Inf,1.134767E+7,1.139048E+7,-0.003766,9169423,0,Inf,1.057066E+7,1.258676E+7,8635794,6108733
1.474104E+7,0,Inf,1.140651E+7,0,Inf,1.134778E+7,1.138862E+7,-0.003592,9167350,0,Inf,1.05648E+7,1.258171E+7,8636841,6109071
1.473974E+7,0,Inf,1.140667E+7,0,Inf,1.134807E+7,1.138231E+7,-0.003013,9164803,0,Inf,1.05662E+7,1.257977E+7,8635028,6109238
1.473871E+7,0,Inf,1.140547E+7,0,Inf,1.134811E+7,1.138612E+7,-0.003344,9167318,0,Inf,1.056232E+7,1.258202E+7,8633310,6109457
1.47405E+7,0,Inf,1.140585E+7,0,Inf,1.134696E+7,1.137747E+7,-0.002685,9167517,0,Inf,1.056511E+7,1.258144E+7,8633052,6109700
1.473989E+7,0,Inf,1.140016E+7,0,Inf,1.134304E+7,1.138496E+7,-0.003689,9167355,0,Inf,1.056191E+7,1.257881E+7,8629160,6108146
1.474011E+7,0,Inf,1.140529E+7,0,Inf,1.134121E+7,1.137846E+7,-0.003278,9165854,0,Inf,1.056278E+7,1.258098E+7,8629019,6107374
1.473831E+7,0,Inf,1.140392E+7,0,Inf,1.133888E+7,1.13843E+7,-0.003998,9163395,0,Inf,1.055999E+7,1.257764E+7,8628566,6110841
1.473785E+7,0,Inf,1.140465E+7,0,Inf,1.133663E+7,1.137868E+7,-0.003702,9165065,0,Inf,1.056671E+7,1.258007E+7,8627529,6107567
1.473797E+7,0,Inf,1.140186E+7,0,Inf,1.133374E+7,1.137888E+7,-0.003975,9163552,0,Inf,1.056189E+7,1.25819E+7,8624775,6109703
1.473815E+7,0,Inf,1.140188E+7,0,Inf,1.133539E+7,1.13747E+7,-0.003462,9166615,0,Inf,1.056337E+7,1.257998E+7,8621391,6110640
1.47354E+7,0,Inf,1.14027E+7,0,Inf,1.13348E+7,1.137048E+7,-0.003143,9161584,0,Inf,1.056247E+7,1.258021E+7,8618364,6112373
1.473394E+7,0,Inf,1.140058E+7,0,Inf,1.132956E+7,1.137226E+7,-0.003761,9165659,0,Inf,1.055781E+7,1.257967E+7,8616608,6108963
1.47344E+7,0,Inf,1.139627E+7,0,Inf,1.133023E+7,1.137455E+7,-0.003904,9164070,0,Inf,1.055925E+7,1.257825E+7,8616977,6107314
1.473616E+7,0,Inf,1.13979E+7,0,Inf,1.132929E+7,1.137908E+7,-0.004385,9162755,0,Inf,1.055878E+7,1.258085E+7,8613140,6110404
1.473261E+7,0,Inf,1.139945E+7,0,Inf,1.133193E+7,1.137536E+7,-0.003825,9161474,0,Inf,1.055958E+7,1.258001E+7,8609557,6111735
1.47391E+7,0,Inf,1.140007E+7,0,Inf,1.132486E+7,1.136613E+7,-0.003637,9163253,0,Inf,1.05591E+7,1.257843E+7,8608949,6108341
1.473885E+7,0,Inf,1.140014E+7,0,Inf,1.132427E+7,1.136757E+7,-0.003817,9159014,0,Inf,1.055596E+7,1.257945E+7,8600467,6109670
1.473361E+7,0,Inf,1.139805E+7,0,Inf,1.132561E+7,1.137428E+7,-0.004288,9160683,0,Inf,1.055916E+7,1.258025E+7,8596496,6111238
1.472949E+7,0,Inf,1.139924E+7,0,Inf,1.132531E+7,1.13723E+7,-0.004141,9162682,0,Inf,1.056054E+7,1.257906E+7,8595593,6112175
1.472971E+7,0,Inf,1.139746E+7,0,Inf,1.13216E+7,1.136442E+7,-0.003775,9161002,0,Inf,1.056047E+7,1.257747E+7,8593358,6111716
1.473722E+7,0,Inf,1.139839E+7,0,Inf,1.131771E+7,1.13659E+7,-0.004249,9158974,0,Inf,1.055499E+7,1.257716E+7,8590852,6111478
1.473335E+7,0,Inf,1.139356E+7,0,Inf,1.131754E+7,1.136783E+7,-0.004434,9162589,0,Inf,1.055721E+7,1.258212E+7,8584882,6114256
1.473285E+7,0,Inf,1.139797E+7,0,Inf,1.132015E+7,1.137176E+7,-0.004549,9155786,0,Inf,1.055966E+7,1.257547E+7,8582029,6112355
1.473344E+7,0,Inf,1.139725E+7,0,Inf,1.131954E+7,1.137076E+7,-0.004515,9161059,0,Inf,1.05586E+7,1.257803E+7,8581012,6108137
1.473186E+7,0,Inf,1.139649E+7,0,Inf,1.131408E+7,1.136442E+7,-0.00444,9161217,0,Inf,1.055559E+7,1.257841E+7,8578009,6112220
1.473324E+7,0,Inf,1.139304E+7,0,Inf,1.13179E+7,1.137029E+7,-0.004618,9159998,0,Inf,1.055548E+7,1.258213E+7,8572704,6111272
1.473427E+7,0,Inf,1.139797E+7,0,Inf,1.131438E+7,1.136601E+7,-0.004553,9160862,0,Inf,1.05569E+7,1.257902E+7,8571151,6110838
1.473201E+7,0,Inf,1.139952E+7,0,Inf,1.131355E+7,1.137614E+7,-0.005517,9158549,0,Inf,1.055267E+7,1.257671E+7,8570891,6111979
1.473405E+7,0,Inf,1.139184E+7,0,Inf,1.131082E+7,1.136216E+7,-0.004529,9159502,0,Inf,1.055569E+7,1.257213E+7,8561567,6113511
1.473359E+7,0,Inf,1.13932E+7,0,Inf,1.13129E+7,1.137309E+7,-0.005306,9161878,0,Inf,1.055263E+7,1.257543E+7,8562388,6113038
1.473229E+7,0,Inf,1.139504E+7,0,Inf,1.131154E+7,1.137172E+7,-0.005307,9158925,0,Inf,1.055397E+7,1.257729E+7,8558622,6110382
1.472893E+7,0,Inf,1.139388E+7,0,Inf,1.130516E+7,1.136028E+7,-0.004863,9160303,0,Inf,1.055461E+7,1.257337E+7,8558286,6111730
1.473436E+7,0,Inf,1.13929E+7,0,Inf,1.130606E+7,1.136156E+7,-0.004897,9161363,0,Inf,1.055249E+7,1.257368E+7,8556827,6113002
1.472843E+7,0,Inf,1.139621E+7,0,Inf,1.130719E+7,1.136711E+7,-0.005285,9163557,0,Inf,1.055378E+7,1.257731E+7,8554513,6112234
1.472853E+7,0,Inf,1.139484E+7,0,Inf,1.130394E+7,1.136746E+7,-0.005603,9156000,0,Inf,1.055146E+7,1.257318E+7,8553695,6113016
1.473135E+7,0,Inf,1.139471E+7,0,Inf,1.130152E+7,1.136613E+7,-0.005701,9157750,0,Inf,1.055323E+7,1.257233E+7,8551934,6111260
1.473098E+7,0,Inf,1.139575E+7,0,Inf,1.13024E+7,1.137645E+7,-0.006531,9155043,0,Inf,1.05512E+7,1.257141E+7,8555438,6111283
1.473036E+7,0,Inf,1.139241E+7,0,Inf,1.130491E+7,1.13655E+7,-0.005345,9154935,0,Inf,1.055094E+7,1.256947E+7,8547582,6109652
1.472762E+7,0,Inf,1.139503E+7,0,Inf,1.130162E+7,1.135968E+7,-0.005124,9152971,0,Inf,1.055325E+7,1.257268E+7,8549891,6113994
1.47287E+7,0,Inf,1.139378E+7,0,Inf,1.130181E+7,1.136604E+7,-0.005667,9157614,0,Inf,1.055163E+7,1.256965E+7,8548665,6112090
1.472624E+7,0,Inf,1.139081E+7,0,Inf,1.129811E+7,1.136256E+7,-0.005688,9158853,0,Inf,1.054921E+7,1.256831E+7,8545740,6111041
1.472886E+7,0,Inf,1.139299E+7,0,Inf,1.129932E+7,1.136519E+7,-0.005812,9154849,0,Inf,1.054988E+7,1.257098E+7,8548345,6109139
1.472505E+7,0,Inf,1.139193E+7,0,Inf,1.129776E+7,1.135815E+7,-0.005331,9155633,0,Inf,1.054962E+7,1.257044E+7,8547996,6111190
1.472989E+7,0,Inf,1.138954E+7,0,Inf,1.129775E+7,1.136711E+7,-0.00612,9154495,0,Inf,1.055323E+7,1.256765E+7,8548968,6109161
1.472927E+7,0,Inf,1.139228E+7,0,Inf,1.129874E+7,1.136101E+7,-0.005496,9153422,0,Inf,1.05513E+7,1.256678E+7,8548790,6111356
1.472685E+7,0,Inf,1.139316E+7,0,Inf,1.129711E+7,1.136655E+7,-0.006128,9153709,0,Inf,1.054951E+7,1.256956E+7,8551241,6111205
1.472637E+7,0,Inf,1.139009E+7,0,Inf,1.129688E+7,1.135628E+7,-0.005244,9153713,0,Inf,1.05468E+7,1.256505E+7,8546932,6109279
1.472599E+7,0,Inf,1.139184E+7,0,Inf,1.130145E+7,1.135779E+7,-0.004973,9153069,0,Inf,1.054433E+7,1.256239E+7,8547742,6112952
1.472631E+7,0,Inf,1.138716E+7,0,Inf,1.129204E+7,1.135394E+7,-0.005467,9155970,0,Inf,1.054744E+7,1.256619E+7,8552065,6108402
1.472565E+7,0,Inf,1.138831E+7,0,Inf,1.129606E+7,1.135513E+7,-0.005215,9151206,0,Inf,1.054719E+7,1.256479E+7,8545771,6110249
1.47258E+7,0,Inf,1.138922E+7,0,Inf,1.129299E+7,1.135454E+7,-0.005436,9154036,0,Inf,1.054633E+7,1.256299E+7,8549122,6113469
1.473038E+7,0,Inf,1.139036E+7,0,Inf,1.129329E+7,1.134779E+7,-0.004815,9151537,0,Inf,1.054733E+7,1.255968E+7,8549269,6110695
1.472605E+7,0,Inf,1.138953E+7,0,Inf,1.12926E+7,1.135605E+7,-0.005603,9153739,0,Inf,1.054611E+7,1.255968E+7,8549489,6111647
1.472435E+7,0,Inf,1.138632E+7,0,Inf,1.129353E+7,1.134808E+7,-0.004818,9153506,0,Inf,1.054699E+7,1.256077E+7,8548154,6111004
1.472355E+7,0,Inf,1.138764E+7,0,Inf,1.129667E+7,1.135556E+7,-0.005199,9146652,0,Inf,1.054598E+7,1.25592E+7,8552702,6111623
1.472294E+7,0,Inf,1.138687E+7,0,Inf,1.129053E+7,1.135806E+7,-0.005963,9146972,0,Inf,1.054688E+7,1.255737E+7,8549881,6106340
1.472741E+7,0,Inf,1.13867E+7,0,Inf,1.128861E+7,1.135805E+7,-0.006132,9148661,0,Inf,1.054563E+7,1.255968E+7,8552538,6111222
1.472674E+7,0,Inf,1.138805E+7,0,Inf,1.129119E+7,1.135269E+7,-0.005431,9150617,0,Inf,1.054514E+7,1.255841E+7,8548647,6111232
1.472472E+7,0,Inf,1.138888E+7,0,Inf,1.129076E+7,1.135199E+7,-0.005408,9151040,0,Inf,1.054303E+7,1.255512E+7,8545540,6109999
1.472369E+7,0,Inf,1.138656E+7,0,Inf,1.128743E+7,1.1353E+7,-0.005793,9147712,0,Inf,1.054427E+7,1.255526E+7,8547348,6112914
1.472524E+7,0,Inf,1.138649E+7,0,Inf,1.12884E+7,1.134471E+7,-0.004976,9146973,0,Inf,1.054303E+7,1.255702E+7,8547387,6114505
1.472168E+7,0,Inf,1.138645E+7,0,Inf,1.128876E+7,1.134674E+7,-0.005124,9146827,0,Inf,1.05441E+7,1.255291E+7,8547477,6112457
1.472009E+7,0,Inf,1.138542E+7,0,Inf,1.128612E+7,1.134675E+7,-0.005358,9148155,0,Inf,1.054161E+7,1.255334E+7,8546147,6113588
1.47237E+7,0,Inf,1.138446E+7,0,Inf,1.128561E+7,1.134636E+7,-0.005368,9146408,0,Inf,1.05418E+7,1.255494E+7,8545523,6111162
1.472395E+7,0,Inf,1.138312E+7,0,Inf,1.128606E+7,1.134101E+7,-0.004857,9148425,0,Inf,1.05412E+7,1.255468E+7,8544869,6107978
1.472252E+7,0,Inf,1.138363E+7,0,Inf,1.128802E+7,1.133916E+7,-0.00452,9146465,0,Inf,1.054178E+7,1.25549E+7,8539663,6109562
1.472314E+7,0,Inf,1.138604E+7,0,Inf,1.128231E+7,1.134059E+7,-0.005152,9145002,0,Inf,1.053763E+7,1.255057E+7,8540549,6111642
1.471964E+7,0,Inf,1.138246E+7,0,Inf,1.128291E+7,1.13384E+7,-0.004906,9143173,0,Inf,1.053896E+7,1.25539E+7,8538135,6109124
1.47262E+7,0,Inf,1.137926E+7,0,Inf,1.128347E+7,1.133401E+7,-0.004468,9143909,0,Inf,1.053842E+7,1.255115E+7,8534594,6107930
1.472251E+7,0,Inf,1.137925E+7,0,Inf,1.128549E+7,1.133799E+7,-0.004641,9144104,0,Inf,1.053977E+7,1.254941E+7,8529961,6106771
1.472262E+7,0,Inf,1.138292E+7,0,Inf,1.128119E+7,1.133978E+7,-0.00518,9143067,0,Inf,1.053948E+7,1.25543E+7,8529936,6108099
1.472115E+7,0,Inf,1.138019E+7,0,Inf,1.128107E+7,1.132296E+7,-0.003707,9141064,0,Inf,1.053689E+7,1.254827E+7,8527708,6113268
1.472012E+7,0,Inf,1.137852E+7,0,Inf,1.127954E+7,1.132647E+7,-0.004152,9144811,0,Inf,1.053925E+7,1.254803E+7,8525923,6108319
1.471996E+7,0,Inf,1.137748E+7,0,Inf,1.128E+7,1.13269E+7,-0.004149,9143054,0,Inf,1.054016E+7,1.25485E+7,8521931,6112350
1.471829E+7,0,Inf,1.137899E+7,0,Inf,1.128005E+7,1.132453E+7,-0.003936,9138203,0,Inf,1.053857E+7,1.254956E+7,8516356,6114104
1.472005E+7,0,Inf,1.137605E+7,0,Inf,1.127942E+7,1.133197E+7,-0.004648,9141163,0,Inf,1.053887E+7,1.254563E+7,8516296,6107838
1.472247E+7,0,Inf,1.1376E+7,0,Inf,1.127392E+7,1.132104E+7,-0.004171,9142343,0,Inf,1.05379E+7,1.254448E+7,8510313,6109274
1.471945E+7,0,Inf,1.137607E+7,0,Inf,1.12798E+7,1.132539E+7,-0.004033,9140700,0,Inf,1.053735E+7,1.255004E+7,8509607,6108792
1.471855E+7,0,Inf,1.137668E+7,0,Inf,1.127608E+7,1.131503E+7,-0.003448,9137252,0,Inf,1.053826E+7,1.254961E+7,8508497,6108975
1.471961E+7,0,Inf,1.137137E+7,0,Inf,1.127581E+7,1.132254E+7,-0.004136,9137059,0,Inf,1.053337E+7,1.254773E+7,8506106,6113176
1.47184E+7,0,Inf,1.137361E+7,0,Inf,1.127122E+7,1.132195E+7,-0.004491,9140680,0,Inf,1.053802E+7,1.254695E+7,8503186,6108558
1.471874E+7,0,Inf,1.137426E+7,0,Inf,1.127015E+7,1.131179E+7,-0.003688,9138529,0,Inf,1.053612E+7,1.25476E+7,8496503,6111105
1.47156E+7,0,Inf,1.137349E+7,0,Inf,1.127486E+7,1.130778E+7,-0.002916,9137548,0,Inf,1.053402E+7,1.255062E+7,8496038,6111231
1.471668E+7,0,Inf,1.137285E+7,0,Inf,1.127063E+7,1.130403E+7,-0.002959,9138358,0,Inf,1.053282E+7,1.254884E+7,8495508,6111352
1.471737E+7,0,Inf,1.137184E+7,0,Inf,1.126566E+7,1.130613E+7,-0.003586,9134177,0,Inf,1.053201E+7,1.254503E+7,8489375,6110748
1.471783E+7,0,Inf,1.137157E+7,0,Inf,1.126798E+7,1.131153E+7,-0.003857,9136310,0,Inf,1.053059E+7,1.254818E+7,8492031,6112216
1.47174E+7,0,Inf,1.137205E+7,0,Inf,1.126598E+7,1.130856E+7,-0.003773,9135350,0,Inf,1.053224E+7,1.254595E+7,8487066,6110107
1.471393E+7,0,Inf,1.136919E+7,0,Inf,1.126347E+7,1.130334E+7,-0.003534,9140269,0,Inf,1.053163E+7,1.254477E+7,8486684,6109966
1.471623E+7,0,Inf,1.137267E+7,0,Inf,1.126168E+7,1.130187E+7,-0.003562,9137415,0,Inf,1.053431E+7,1.254575E+7,8487508,6109794
1.471357E+7,0,Inf,1.137103E+7,0,Inf,1.126141E+7,1.130433E+7,-0.003804,9133789,0,Inf,1.053019E+7,1.254593E+7,8486399,6110135
1.471608E+7,0,Inf,1.136882E+7,0,Inf,1.125909E+7,1.129949E+7,-0.003582,9136274,0,Inf,1.052988E+7,1.254448E+7,8487402,6109563
1.47139E+7,0,Inf,1.136633E+7,0,Inf,1.125832E+7,1.129715E+7,-0.003442,9136144,0,Inf,1.053184E+7,1.25416E+7,8486206,6110988
1.471492E+7,0,Inf,1.13675E+7,0,Inf,1.125662E+7,1.130211E+7,-0.004033,9135994,0,Inf,1.053381E+7,1.254259E+7,8488928,6106628
1.471475E+7,0,Inf,1.136802E+7,0,Inf,1.125504E+7,1.130039E+7,-0.004021,9133372,0,Inf,1.052681E+7,1.254191E+7,8486453,6109414
1.471398E+7,0,Inf,1.136807E+7,0,Inf,1.125111E+7,1.129717E+7,-0.004085,9135370,0,Inf,1.052863E+7,1.254047E+7,8483054,6112867
1.471049E+7,0,Inf,1.136617E+7,0,Inf,1.125226E+7,1.129441E+7,-0.003739,9130545,0,Inf,1.053084E+7,1.253494E+7,8489292,6108940
1.471511E+7,0,Inf,1.136448E+7,0,Inf,1.125051E+7,1.129262E+7,-0.003735,9134265,0,Inf,1.052577E+7,1.253754E+7,8488862,6111894
1.471241E+7,0,Inf,1.136641E+7,0,Inf,1.125128E+7,1.128645E+7,-0.003121,9132703,0,Inf,1.05278E+7,1.253839E+7,8492503,6109609
1.471415E+7,0,Inf,1.136537E+7,0,Inf,1.124807E+7,1.129204E+7,-0.003901,9134084,0,Inf,1.052984E+7,1.253894E+7,8488930,6109478
1.471081E+7,0,Inf,1.136593E+7,0,Inf,1.124374E+7,1.12889E+7,-0.004008,9133972,0,Inf,1.052956E+7,1.253785E+7,8494731,6109929
1.471155E+7,0,Inf,1.136228E+7,0,Inf,1.124137E+7,1.129563E+7,-0.004815,9130959,0,Inf,1.052762E+7,1.253698E+7,8498141,6107584
1.471042E+7,0,Inf,1.136419E+7,0,Inf,1.124184E+7,1.128508E+7,-0.003839,9129485,0,Inf,1.052782E+7,1.25379E+7,8495460,6107509
1.470957E+7,0,Inf,1.135833E+7,0,Inf,1.124338E+7,1.128431E+7,-0.003634,9130524,0,Inf,1.053032E+7,1.2535E+7,8495806,6112412
1.471195E+7,0,Inf,1.135964E+7,0,Inf,1.124025E+7,1.128669E+7,-0.004124,9128857,0,Inf,1.052709E+7,1.253463E+7,8498942,6113298
1.471124E+7,0,Inf,1.136074E+7,0,Inf,1.123657E+7,1.127816E+7,-0.003694,9129810,0,Inf,1.052495E+7,1.253377E+7,8500776,6110647
1.471384E+7,0,Inf,1.136139E+7,0,Inf,1.123813E+7,1.128039E+7,-0.003753,9127974,0,Inf,1.052846E+7,1.253346E+7,8498754,6109996
1.471155E+7,0,Inf,1.135865E+7,0,Inf,1.123906E+7,1.129058E+7,-0.004574,9129416,0,Inf,1.052822E+7,1.253259E+7,8500990,6108695
1.471242E+7,0,Inf,1.135957E+7,0,Inf,1.123273E+7,1.128453E+7,-0.004601,9130336,0,Inf,1.052583E+7,1.253191E+7,8503281,6109377
1.471153E+7,0,Inf,1.13575E+7,0,Inf,1.122775E+7,1.128209E+7,-0.004829,9127478,0,Inf,1.052234E+7,1.25313E+7,8502296,6110457
1.471235E+7,0,Inf,1.135688E+7,0,Inf,1.123176E+7,1.128248E+7,-0.004506,9127296,0,Inf,1.052086E+7,1.252932E+7,8500930,6108798
1.47103E+7,0,Inf,1.135589E+7,0,Inf,1.122871E+7,1.127858E+7,-0.004431,9122668,0,Inf,1.052531E+7,1.252672E+7,8504316,6107982
1.470975E+7,0,Inf,1.13603E+7,0,Inf,1.122528E+7,1.128296E+7,-0.005125,9129002,0,Inf,1.052182E+7,1.252591E+7,8503458,6107533
1.471131E+7,0,Inf,1.135614E+7,0,Inf,1.122274E+7,1.127094E+7,-0.004286,9124158,0,Inf,1.052428E+7,1.252525E+7,8499343,6103915
1.47113E+7,0,Inf,1.13554E+7,0,Inf,1.122343E+7,1.128189E+7,-0.005195,9124652,0,Inf,1.05249E+7,1.252535E+7,8498365,6106927
1.470749E+7,0,Inf,1.135461E+7,0,Inf,1.122124E+7,1.12884E+7,-0.005967,9122509,0,Inf,1.052214E+7,1.252568E+7,8502831,6108932
1.470954E+7,0,Inf,1.135434E+7,0,Inf,1.121771E+7,1.127989E+7,-0.005528,9125301,0,Inf,1.05208E+7,1.252728E+7,8499906,6108077
1.470943E+7,0,Inf,1.135334E+7,0,Inf,1.121937E+7,1.127703E+7,-0.005126,9123621,0,Inf,1.0525E+7,1.25238E+7,8496467,6108137
1.470803E+7,0,Inf,1.135356E+7,0,Inf,1.121768E+7,1.127498E+7,-0.005095,9123122,0,Inf,1.05217E+7,1.2523E+7,8490334,6104701
1.470611E+7,0,Inf,1.135335E+7,0,Inf,1.12186E+7,1.127594E+7,-0.005098,9123429,0,Inf,1.052338E+7,1.251922E+7,8489529,6106859
1.470693E+7,0,Inf,1.135452E+7,0,Inf,1.121199E+7,1.1273E+7,-0.005427,9121195,0,Inf,1.05203E+7,1.252095E+7,8487585,6103575
1.470618E+7,0,Inf,1.135197E+7,0,Inf,1.121318E+7,1.127848E+7,-0.005806,9121812,0,Inf,1.051819E+7,1.252217E+7,8487986,6101522
1.470668E+7,0,Inf,1.135478E+7,0,Inf,1.121195E+7,1.126775E+7,-0.004964,9120147,0,Inf,1.052066E+7,1.251942E+7,8482109,6107697
1.47063E+7,0,Inf,1.135404E+7,0,Inf,1.121252E+7,1.126981E+7,-0.005097,9116160,0,Inf,1.051916E+7,1.252046E+7,8481751,6105149
1.470319E+7,0,Inf,1.135086E+7,0,Inf,1.120817E+7,1.127279E+7,-0.005749,9118857,0,Inf,1.052232E+7,1.251568E+7,8477579,6105326
1.470564E+7,0,Inf,1.13496E+7,0,Inf,1.120414E+7,1.127349E+7,-0.00617,9117281,0,Inf,1.051736E+7,1.251939E+7,8475496,6106115
1.470414E+7,0,Inf,1.13502E+7,0,Inf,1.120716E+7,1.128844E+7,-0.007226,9116360,0,Inf,1.051686E+7,1.251739E+7,8473643,6100360
1.47031E+7,0,Inf,1.135285E+7,0,Inf,1.120489E+7,1.127361E+7,-0.006114,9117212,0,Inf,1.051607E+7,1.251759E+7,8465509,6102802
1.470464E+7,0,Inf,1.13513E+7,0,Inf,1.120438E+7,1.127646E+7,-0.006413,9117883,0,Inf,1.052168E+7,1.251357E+7,8464985,6106575
1.470712E+7,0,Inf,1.134933E+7,0,Inf,1.120358E+7,1.127727E+7,-0.006556,9115158,0,Inf,1.051972E+7,1.251385E+7,8459898,6102774
1.47039E+7,0,Inf,1.135229E+7,0,Inf,1.12014E+7,1.127519E+7,-0.006566,9114814,0,Inf,1.05171E+7,1.251355E+7,8455283,6101007
1.470637E+7,0,Inf,1.134811E+7,0,Inf,1.120271E+7,1.127503E+7,-0.006434,9114864,0,Inf,1.051898E+7,1.251206E+7,8456002,6099000
1.47033E+7,0,Inf,1.134899E+7,0,Inf,1.120112E+7,1.127807E+7,-0.006846,9113302,0,Inf,1.051682E+7,1.251074E+7,8451104,6101577
1.470127E+7,0,Inf,1.134926E+7,0,Inf,1.119799E+7,1.128155E+7,-0.007434,9113056,0,Inf,1.051669E+7,1.251504E+7,8447827,6102350
1.470115E+7,0,Inf,1.134682E+7,0,Inf,1.11959E+7,1.1269E+7,-0.006508,9112143,0,Inf,1.051613E+7,1.251464E+7,8447429,6098348
1.470381E+7,0,Inf,1.134893E+7,0,Inf,1.119622E+7,1.127641E+7,-0.007137,9111052,0,Inf,1.051966E+7,1.251141E+7,8443638,6100026
1.470461E+7,0,Inf,1.134487E+7,0,Inf,1.119491E+7,1.127356E+7,-0.007001,9109967,0,Inf,1.051697E+7,1.251204E+7,8442210,6097574
1.470444E+7,0,Inf,1.134714E+7,0,Inf,1.119563E+7,1.127388E+7,-0.006965,9107143,0,Inf,1.051408E+7,1.251201E+7,8439019,6101219
1.469955E+7,0,Inf,1.134924E+7,0,Inf,1.119472E+7,1.127829E+7,-0.007437,9107997,0,Inf,1.052211E+7,1.250967E+7,8439208,6097606
1.470423E+7,0,Inf,1.134814E+7,0,Inf,1.11949E+7,1.127932E+7,-0.007513,9106663,0,Inf,1.051677E+7,1.251186E+7,8434630,6098094
1.470016E+7,0,Inf,1.134683E+7,0,Inf,1.119739E+7,1.127516E+7,-0.006922,9110595,0,Inf,1.051687E+7,1.251043E+7,8434256,6096591
1.470071E+7,0,Inf,1.134493E+7,0,Inf,1.119305E+7,1.127898E+7,-0.007648,9109257,0,Inf,1.051378E+7,1.250733E+7,8434210,6100270
1.470285E+7,0,Inf,1.13451E+7,0,Inf,1.119514E+7,1.127991E+7,-0.007543,9106735,0,Inf,1.051267E+7,1.25082E+7,8429533,6098301
1.469583E+7,0,Inf,1.134912E+7,0,Inf,1.11941E+7,1.127978E+7,-0.007625,9108428,0,Inf,1.051335E+7,1.250963E+7,8429853,6096923
1.470114E+7,0,Inf,1.13472E+7,0,Inf,1.119453E+7,1.127372E+7,-0.007049,9111029,0,Inf,1.051179E+7,1.251199E+7,8425513,6096167
1.469892E+7,0,Inf,1.13476E+7,0,Inf,1.119374E+7,1.127788E+7,-0.007489,9107296,0,Inf,1.051604E+7,1.251125E+7,8426836,6094600
1.469931E+7,0,Inf,1.134302E+7,0,Inf,1.119209E+7,1.128056E+7,-0.007873,9105533,0,Inf,1.051257E+7,1.251256E+7,8425864,6096487
1.469957E+7,0,Inf,1.134386E+7,0,Inf,1.119338E+7,1.12853E+7,-0.008178,9105563,0,Inf,1.051633E+7,1.250905E+7,8426198,6098002
1.470071E+7,0,Inf,1.134882E+7,0,Inf,1.119175E+7,1.127269E+7,-0.007205,9104244,0,Inf,1.051353E+7,1.250775E+7,8425008,6095326
1.469785E+7,0,Inf,1.13411E+7,0,Inf,1.119437E+7,1.126795E+7,-0.006551,9106823,0,Inf,1.051143E+7,1.250934E+7,8420662,6093694
1.470207E+7,0,Inf,1.134472E+7,0,Inf,1.119595E+7,1.127081E+7,-0.006664,9102526,0,Inf,1.051241E+7,1.251062E+7,8420889,6095940
1.469797E+7,0,Inf,1.134364E+7,0,Inf,1.119476E+7,1.127738E+7,-0.007353,9104505,0,Inf,1.050954E+7,1.251107E+7,8422474,6093365
1.46981E+7,0,Inf,1.134648E+7,0,Inf,1.119422E+7,1.12714E+7,-0.006871,9104168,0,Inf,1.051064E+7,1.251102E+7,8422242,6096315
1.469916E+7,0,Inf,1.134263E+7,0,Inf,1.118988E+7,1.12786E+7,-0.007897,9103949,0,Inf,1.05137E+7,1.250931E+7,8425553,6089078
1.470016E+7,0,Inf,1.134088E+7,0,Inf,1.119703E+7,1.126646E+7,-0.006182,9103053,0,Inf,1.051258E+7,1.251218E+7,8420659,6089801
1.469816E+7,0,Inf,1.134273E+7,0,Inf,1.119357E+7,1.12765E+7,-0.007381,9097582,0,Inf,1.051042E+7,1.251013E+7,8426649,6094302
1.469639E+7,0,Inf,1.133897E+7,0,Inf,1.119633E+7,1.127006E+7,-0.006564,9102286,0,Inf,1.051008E+7,1.250807E+7,8422797,6093575
1.469543E+7,0,Inf,1.133992E+7,0,Inf,1.119457E+7,1.127738E+7,-0.00737,9101427,0,Inf,1.051048E+7,1.250904E+7,8424223,6092669
1.469524E+7,0,Inf,1.134132E+7,0,Inf,1.119079E+7,1.127681E+7,-0.007657,9103645,0,Inf,1.050955E+7,1.250941E+7,8421450,6093174
1.469356E+7,0,Inf,1.134007E+7,0,Inf,1.119302E+7,1.126643E+7,-0.006537,9097314,0,Inf,1.051202E+7,1.250846E+7,8421471,6093601
1.469533E+7,0,Inf,1.134051E+7,0,Inf,1.119486E+7,1.12678E+7,-0.006495,9098631,0,Inf,1.0513E+7,1.251132E+7,8422553,6090523
1.469884E+7,0,Inf,1.134159E+7,0,Inf,1.119658E+7,1.126584E+7,-0.006167,9102748,0,Inf,1.05094E+7,1.250982E+7,8421158,6089186
1.469744E+7,0,Inf,1.13424E+7,0,Inf,1.119136E+7,1.126955E+7,-0.006962,9100647,0,Inf,1.050779E+7,1.250887E+7,8421069,6092015
1.46973E+7,0,Inf,1.133786E+7,0,Inf,1.119093E+7,1.126773E+7,-0.006839,9097700,0,Inf,1.051097E+7,1.251379E+7,8419879,6090202
1.469449E+7,0,Inf,1.134271E+7,0,Inf,1.119686E+7,1.127419E+7,-0.006882,9096742,0,Inf,1.050937E+7,1.250777E+7,8422476,6088216
1.469664E+7,0,Inf,1.133747E+7,0,Inf,1.119348E+7,1.126429E+7,-0.006306,9098564,0,Inf,1.051168E+7,1.250846E+7,8418225,6087674
1.469619E+7,0,Inf,1.134034E+7,0,Inf,1.119663E+7,1.126664E+7,-0.006234,9097990,0,Inf,1.051197E+7,1.250731E+7,8415639,6088974
1.469531E+7,0,Inf,1.133953E+7,0,Inf,1.119486E+7,1.126522E+7,-0.006266,9096745,0,Inf,1.051E+7,1.25093E+7,8418072,6088726
1.469301E+7,0,Inf,1.133959E+7,0,Inf,1.119716E+7,1.126567E+7,-0.0061,9096148,0,Inf,1.051196E+7,1.250844E+7,8417471,6089273
1.469445E+7,0,Inf,1.134238E+7,0,Inf,1.119579E+7,1.125783E+7,-0.005526,9096393,0,Inf,1.05093E+7,1.250765E+7,8418444,6088057
1.46966E+7,0,Inf,1.133803E+7,0,Inf,1.119398E+7,1.126634E+7,-0.006443,9097563,0,Inf,1.05066E+7,1.250879E+7,8417035,6086810
1.469596E+7,0,Inf,1.133798E+7,0,Inf,1.119351E+7,1.126508E+7,-0.006373,9098853,0,Inf,1.051077E+7,1.250913E+7,8417569,6093064
1.469848E+7,0,Inf,1.133737E+7,0,Inf,1.119135E+7,1.126012E+7,-0.006126,9099442,0,Inf,1.051115E+7,1.250841E+7,8420711,6090401
1.469623E+7,0,Inf,1.134017E+7,0,Inf,1.119309E+7,1.126484E+7,-0.00639,9098081,0,Inf,1.051024E+7,1.250751E+7,8423267,6090030
1.46963E+7,0,Inf,1.134071E+7,0,Inf,1.119438E+7,1.126754E+7,-0.006514,9098625,0,Inf,1.050999E+7,1.250966E+7,8422385,6090134
1.46983E+7,0,Inf,1.134338E+7,0,Inf,1.119045E+7,1.126656E+7,-0.006778,9099912,0,Inf,1.05087E+7,1.251181E+7,8420796,6090804
1.469576E+7,0,Inf,1.134E+7,0,Inf,1.119086E+7,1.127034E+7,-0.007077,9100464,0,Inf,1.051202E+7,1.251173E+7,8422176,6088002
1.47014E+7,0,Inf,1.133966E+7,0,Inf,1.119204E+7,1.126535E+7,-0.006529,9101967,0,Inf,1.050969E+7,1.250723E+7,8425260,6086905
1.469616E+7,0,Inf,1.133831E+7,0,Inf,1.119182E+7,1.126476E+7,-0.006496,9099214,0,Inf,1.051256E+7,1.251232E+7,8426688,6087441
1.470098E+7,0,Inf,1.134057E+7,0,Inf,1.119065E+7,1.126769E+7,-0.006861,9096798,0,Inf,1.051177E+7,1.251078E+7,8426453,6090863
1.469687E+7,0,Inf,1.134065E+7,0,Inf,1.118876E+7,1.126181E+7,-0.006508,9101500,0,Inf,1.051258E+7,1.251055E+7,8428405,6088975
1.469864E+7,0,Inf,1.133797E+7,0,Inf,1.119152E+7,1.126596E+7,-0.006629,9103216,0,Inf,1.050773E+7,1.250893E+7,8430686,6089984
1.469655E+7,0,Inf,1.133929E+7,0,Inf,1.118968E+7,1.126516E+7,-0.006723,9100309,0,Inf,1.051534E+7,1.251114E+7,8427959,6092398
1.469944E+7,0,Inf,1.134407E+7,0,Inf,1.11897E+7,1.126127E+7,-0.006376,9102205,0,Inf,1.051132E+7,1.250999E+7,8428739,6091188
1.469646E+7,0,Inf,1.134395E+7,0,Inf,1.119269E+7,1.126424E+7,-0.006372,9100412,0,Inf,1.051165E+7,1.251007E+7,8431591,6091594
1.469802E+7,0,Inf,1.134155E+7,0,Inf,1.118558E+7,1.126468E+7,-0.007046,9106281,0,Inf,1.051452E+7,1.251361E+7,8432746,6088655
1.470168E+7,0,Inf,1.133904E+7,0,Inf,1.118869E+7,1.126796E+7,-0.00706,9100663,0,Inf,1.051171E+7,1.251631E+7,8430265,6091484
1.47018E+7,0,Inf,1.134036E+7,0,Inf,1.118782E+7,1.12654E+7,-0.006911,9099500,0,Inf,1.051581E+7,1.251181E+7,8428211,6092389
1.469739E+7,0,Inf,1.134438E+7,0,Inf,1.119114E+7,1.126192E+7,-0.006305,9105375,0,Inf,1.051734E+7,1.251045E+7,8431597,6096859
1.469826E+7,0,Inf,1.134214E+7,0,Inf,1.118422E+7,1.126367E+7,-0.007078,9101368,0,Inf,1.051223E+7,1.251132E+7,8431199,6089854
1.470053E+7,0,Inf,1.134523E+7,0,Inf,1.118981E+7,1.127011E+7,-0.00715,9103845,0,Inf,1.051507E+7,1.251239E+7,8434609,6091805
1.470025E+7,0,Inf,1.134609E+7,0,Inf,1.118852E+7,1.126449E+7,-0.006767,9101568,0,Inf,1.051594E+7,1.250842E+7,8433032,6091555
1.469805E+7,0,Inf,1.134165E+7,0,Inf,1.118949E+7,1.126577E+7,-0.006795,9103151,0,Inf,1.051423E+7,1.251399E+7,8428530,6093780
1.470026E+7,0,Inf,1.134444E+7,0,Inf,1.11872E+7,1.126467E+7,-0.006901,9100785,0,Inf,1.05165E+7,1.250886E+7,8432891,6092238
1.470011E+7,0,Inf,1.134238E+7,0,Inf,1.118355E+7,1.126528E+7,-0.007281,9104106,0,Inf,1.051625E+7,1.251424E+7,8430538,6094461
1.469935E+7,0,Inf,1.134541E+7,0,Inf,1.118919E+7,1.127189E+7,-0.007364,9105056,0,Inf,1.051422E+7,1.2512E+7,8435920,6095520
1.470551E+7,0,Inf,1.134286E+7,0,Inf,1.118658E+7,1.126798E+7,-0.00725,9106669,0,Inf,1.051582E+7,1.251428E+7,8433219,6094408
1.47006E+7,0,Inf,1.134354E+7,0,Inf,1.118491E+7,1.12678E+7,-0.007384,9106617,0,Inf,1.05152E+7,1.251349E+7,8436166,6093449
1.470171E+7,0,Inf,1.134325E+7,0,Inf,1.118735E+7,1.127257E+7,-0.007588,9105965,0,Inf,1.051415E+7,1.251319E+7,8431702,6093815
1.469643E+7,0,Inf,1.134118E+7,0,Inf,1.118863E+7,1.127007E+7,-0.007253,9103913,0,Inf,1.051701E+7,1.251278E+7,8434116,6097328
1.469813E+7,0,Inf,1.134685E+7,0,Inf,1.118661E+7,1.126179E+7,-0.006698,9106399,0,Inf,1.051911E+7,1.251388E+7,8436269,6093594
1.469874E+7,0,Inf,1.134658E+7,0,Inf,1.118597E+7,1.127094E+7,-0.007568,9107325,0,Inf,1.051578E+7,1.250796E+7,8435363,6093543
1.469947E+7,0,Inf,1.134565E+7,0,Inf,1.118461E+7,1.127322E+7,-0.007891,9103058,0,Inf,1.051671E+7,1.251365E+7,8434088,6097586
1.470052E+7,0,Inf,1.134552E+7,0,Inf,1.118535E+7,1.127034E+7,-0.007569,9104437,0,Inf,1.051761E+7,1.251248E+7,8435100,6095203
1.47046E+7,0,Inf,1.134594E+7,0,Inf,1.118626E+7,1.126761E+7,-0.007246,9109251,0,Inf,1.051624E+7,1.2514E+7,8437992,6095511
1.470158E+7,0,Inf,1.1348E+7,0,Inf,1.118388E+7,1.126636E+7,-0.007348,9108912,0,Inf,1.051574E+7,1.251266E+7,8443142,6095158
1.470132E+7,0,Inf,1.134663E+7,0,Inf,1.11841E+7,1.126998E+7,-0.007649,9110150,0,Inf,1.051687E+7,1.251476E+7,8442225,6098767
1.470638E+7,0,Inf,1.134656E+7,0,Inf,1.11855E+7,1.126651E+7,-0.007216,9108125,0,Inf,1.05188E+7,1.251452E+7,8441984,6096139
1.470386E+7,0,Inf,1.134732E+7,0,Inf,1.118298E+7,1.126982E+7,-0.007735,9112404,0,Inf,1.052054E+7,1.251373E+7,8446176,6094781
1.470623E+7,0,Inf,1.134365E+7,0,Inf,1.118635E+7,1.12692E+7,-0.00738,9111160,0,Inf,1.051772E+7,1.251359E+7,8444613,6095372
1.47065E+7,0,Inf,1.134478E+7,0,Inf,1.11849E+7,1.126892E+7,-0.007484,9108903,0,Inf,1.051747E+7,1.251856E+7,8446229,6096061
1.470536E+7,0,Inf,1.13455E+7,0,Inf,1.118569E+7,1.126435E+7,-0.007007,9108900,0,Inf,1.051991E+7,1.251208E+7,8443922,6098602
1.47009E+7,0,Inf,1.134899E+7,0,Inf,1.118815E+7,1.126434E+7,-0.006787,9109966,0,Inf,1.052109E+7,1.251489E+7,8447811,6099271
1.470661E+7,0,Inf,1.134596E+7,0,Inf,1.1183E+7,1.126149E+7,-0.006994,9107555,0,Inf,1.051669E+7,1.251333E+7,8448149,6100006
1.470187E+7,0,Inf,1.134747E+7,0,Inf,1.118563E+7,1.126569E+7,-0.007132,9111326,0,Inf,1.052007E+7,1.251519E+7,8452592,6101863
1.470563E+7,0,Inf,1.134829E+7,0,Inf,1.118412E+7,1.125855E+7,-0.006632,9111055,0,Inf,1.052156E+7,1.251228E+7,8449552,6101300
1.470305E+7,0,Inf,1.134816E+7,0,Inf,1.118796E+7,1.126672E+7,-0.007015,9112561,0,Inf,1.051748E+7,1.251355E+7,8455138,6101238
1.470498E+7,0,Inf,1.134543E+7,0,Inf,1.118607E+7,1.126403E+7,-0.006946,9110924,0,Inf,1.051991E+7,1.25165E+7,8461154,6101361
1.470364E+7,0,Inf,1.134932E+7,0,Inf,1.118851E+7,1.126081E+7,-0.006441,9116588,0,Inf,1.051882E+7,1.251667E+7,8458605,6099159
1.470703E+7,0,Inf,1.135058E+7,0,Inf,1.118907E+7,1.126095E+7,-0.006404,9111813,0,Inf,1.05228E+7,1.251778E+7,8462680,6102477
1.470505E+7,0,Inf,1.134822E+7,0,Inf,1.118992E+7,1.127266E+7,-0.007367,9115589,0,Inf,1.051704E+7,1.25176E+7,8463990,6100050
1.470638E+7,0,Inf,1.135186E+7,0,Inf,1.118762E+7,1.125759E+7,-0.006234,9113916,0,Inf,1.051862E+7,1.251873E+7,8467720,6106587
1.470803E+7,0,Inf,1.134736E+7,0,Inf,1.118957E+7,1.126453E+7,-0.006677,9114734,0,Inf,1.052341E+7,1.251547E+7,8468508,6103016
1.470256E+7,0,Inf,1.134845E+7,0,Inf,1.119006E+7,1.126322E+7,-0.006517,9115496,0,Inf,1.051976E+7,1.252062E+7,8471840,6103374
1.47064E+7,0,Inf,1.135006E+7,0,Inf,1.119168E+7,1.125953E+7,-0.006044,9116666,0,Inf,1.052344E+7,1.25204E+7,8471597,6101737
1.470876E+7,0,Inf,1.134927E+7,0,Inf,1.119208E+7,1.126037E+7,-0.006084,9117585,0,Inf,1.051776E+7,1.251696E+7,8471507,6104795
1.47058E+7,0,Inf,1.135343E+7,0,Inf,1.119042E+7,1.126094E+7,-0.006282,9119131,0,Inf,1.05195E+7,1.252223E+7,8475473,6102499
1.470314E+7,0,Inf,1.135168E+7,0,Inf,1.119524E+7,1.126239E+7,-0.005981,9117953,0,Inf,1.052256E+7,1.252011E+7,8481630,6105048
1.470693E+7,0,Inf,1.135041E+7,0,Inf,1.119046E+7,1.126359E+7,-0.006514,9119106,0,Inf,1.052156E+7,1.251891E+7,8481176,6106990
1.470702E+7,0,Inf,1.135012E+7,0,Inf,1.119747E+7,1.126039E+7,-0.005603,9120038,0,Inf,1.052181E+7,1.251982E+7,8487699,6104023
1.470955E+7,0,Inf,1.135263E+7,0,Inf,1.119701E+7,1.125787E+7,-0.005421,9119395,0,Inf,1.05222E+7,1.252561E+7,8486575,6106258
1.471188E+7,0,Inf,1.135234E+7,0,Inf,1.119771E+7,1.12687E+7,-0.00632,9124109,0,Inf,1.052432E+7,1.25215E+7,8491341,6106159
1.470563E+7,0,Inf,1.13558E+7,0,Inf,1.119902E+7,1.125704E+7,-0.005168,9119257,0,Inf,1.05285E+7,1.252167E+7,8496461,6107188
1.471217E+7,0,Inf,1.135371E+7,0,Inf,1.119516E+7,1.125496E+7,-0.005328,9122062,0,Inf,1.052262E+7,1.25255E+7,8498495,6104445
1.471095E+7,0,Inf,1.13525E+7,0,Inf,1.119988E+7,1.125749E+7,-0.00513,9122199,0,Inf,1.052337E+7,1.252886E+7,8498499,6106966
1.471171E+7,0,Inf,1.135164E+7,0,Inf,1.120086E+7,1.125718E+7,-0.005015,9119472,0,Inf,1.052453E+7,1.252712E+7,8499837,6108557
1.471001E+7,0,Inf,1.135491E+7,0,Inf,1.120332E+7,1.126545E+7,-0.00553,9122014,0,Inf,1.052314E+7,1.252564E+7,8507200,6107761
1.47109E+7,0,Inf,1.135456E+7,0,Inf,1.120343E+7,1.126473E+7,-0.005457,9125953,0,Inf,1.052766E+7,1.252566E+7,8506823,6108318
1.471062E+7,0,Inf,1.136011E+7,0,Inf,1.120147E+7,1.126102E+7,-0.005302,9122399,0,Inf,1.05268E+7,1.252824E+7,8505678,6105783
1.470823E+7,0,Inf,1.13561E+7,0,Inf,1.120399E+7,1.126824E+7,-0.005718,9123305,0,Inf,1.052668E+7,1.253107E+7,8510323,6106396
1.471209E+7,0,Inf,1.135697E+7,0,Inf,1.120852E+7,1.125923E+7,-0.004514,9123836,0,Inf,1.052794E+7,1.252718E+7,8511693,6110880
1.471006E+7,0,Inf,1.135868E+7,0,Inf,1.120865E+7,1.125962E+7,-0.004537,9122563,0,Inf,1.052568E+7,1.252958E+7,8514069,6105766
1.471423E+7,0,Inf,1.13568E+7,0,Inf,1.121031E+7,1.12695E+7,-0.005267,9124739,0,Inf,1.05245E+7,1.253282E+7,8510174,6107862
1.470733E+7,0,Inf,1.13601E+7,0,Inf,1.121017E+7,1.126191E+7,-0.004604,9128063,0,Inf,1.052889E+7,1.253446E+7,8515197,6108756
1.471028E+7,0,Inf,1.13573E+7,0,Inf,1.121483E+7,1.126189E+7,-0.004187,9128454,0,Inf,1.052723E+7,1.253393E+7,8519585,6106973
1.471079E+7,0,Inf,1.136049E+7,0,Inf,1.121513E+7,1.126606E+7,-0.004531,9125167,0,Inf,1.052597E+7,1.253549E+7,8517829,6110793
1.471331E+7,0,Inf,1.136032E+7,0,Inf,1.121571E+7,1.126865E+7,-0.004709,9127471,0,Inf,1.052458E+7,1.253498E+7,8518297,6110930
1.471163E+7,0,Inf,1.136202E+7,0,Inf,1.121694E+7,1.126527E+7,-0.0043,9127823,0,Inf,1.052937E+7,1.253536E+7,8518528,6111780
1.471119E+7,0,Inf,1.135789E+7,0,Inf,1.121715E+7,1.12692E+7,-0.004629,9129017,0,Inf,1.052881E+7,1.253705E+7,8516033,6107932
1.47123E+7,0,Inf,1.136078E+7,0,Inf,1.121945E+7,1.127267E+7,-0.004732,9130169,0,Inf,1.052832E+7,1.253426E+7,8515654,6106414
1.47132E+7,0,Inf,1.136004E+7,0,Inf,1.12193E+7,1.126791E+7,-0.004323,9129491,0,Inf,1.053059E+7,1.253802E+7,8516306,6110122
1.471331E+7,0,Inf,1.136015E+7,0,Inf,1.122589E+7,1.126466E+7,-0.003447,9126130,0,Inf,1.053291E+7,1.253503E+7,8520326,6114873
1.471291E+7,0,Inf,1.136376E+7,0,Inf,1.122069E+7,1.127149E+7,-0.004517,9130264,0,Inf,1.053178E+7,1.25357E+7,8519147,6110158
1.471309E+7,0,Inf,1.136505E+7,0,Inf,1.122663E+7,1.126911E+7,-0.003776,9129587,0,Inf,1.053078E+7,1.253705E+7,8516306,6107515
1.471341E+7,0,Inf,1.135942E+7,0,Inf,1.122587E+7,1.127067E+7,-0.003983,9134269,0,Inf,1.053131E+7,1.254218E+7,8512786,6112196
1.471583E+7,0,Inf,1.13635E+7,0,Inf,1.122856E+7,1.127473E+7,-0.004103,9132222,0,Inf,1.053371E+7,1.254119E+7,8512001,6111290
1.471125E+7,0,Inf,1.13627E+7,0,Inf,1.123403E+7,1.127194E+7,-0.003369,9133488,0,Inf,1.053422E+7,1.253931E+7,8514736,6107394
1.471582E+7,0,Inf,1.136346E+7,0,Inf,1.123173E+7,1.127118E+7,-0.003506,9132162,0,Inf,1.053216E+7,1.254402E+7,8512930,6114325
1.471814E+7,0,Inf,1.136638E+7,0,Inf,1.123287E+7,1.127756E+7,-0.00397,9133347,0,Inf,1.053361E+7,1.254429E+7,8507251,6109302
1.471361E+7,0,Inf,1.136994E+7,0,Inf,1.123204E+7,1.128471E+7,-0.004679,9135521,0,Inf,1.053456E+7,1.254186E+7,8509855,6112115
1.471723E+7,0,Inf,1.136723E+7,0,Inf,1.123202E+7,1.12809E+7,-0.004342,9134223,0,Inf,1.053582E+7,1.254536E+7,8506990,6110310
1.471637E+7,0,Inf,1.136647E+7,0,Inf,1.123807E+7,1.127853E+7,-0.003594,9131456,0,Inf,1.053156E+7,1.254512E+7,8508580,6111909
1.471647E+7,0,Inf,1.13681E+7,0,Inf,1.123937E+7,1.128179E+7,-0.003767,9135564,0,Inf,1.053585E+7,1.254782E+7,8505407,6111603
1.471849E+7,0,Inf,1.13679E+7,0,Inf,1.124162E+7,1.128079E+7,-0.003479,9135556,0,Inf,1.053548E+7,1.254293E+7,8503334,6108822
1.47159E+7,0,Inf,1.137083E+7,0,Inf,1.123843E+7,1.128128E+7,-0.003806,9135545,0,Inf,1.053761E+7,1.25432E+7,8503077,6111227
1.471834E+7,0,Inf,1.137004E+7,0,Inf,1.124401E+7,1.12865E+7,-0.003772,9132989,0,Inf,1.053613E+7,1.254614E+7,8502421,6110088
1.471977E+7,0,Inf,1.136964E+7,0,Inf,1.123968E+7,1.128782E+7,-0.004274,9138558,0,Inf,1.053583E+7,1.25492E+7,8502890,6112514
1.471785E+7,0,Inf,1.137087E+7,0,Inf,1.124448E+7,1.128677E+7,-0.003754,9134633,0,Inf,1.053475E+7,1.254797E+7,8503023,6114331
1.471811E+7,0,Inf,1.13751E+7,0,Inf,1.124807E+7,1.128602E+7,-0.003368,9135642,0,Inf,1.053782E+7,1.254473E+7,8504137,6108055
1.471999E+7,0,Inf,1.136963E+7,0,Inf,1.12454E+7,1.128544E+7,-0.003554,9138746,0,Inf,1.053564E+7,1.255103E+7,8504628,6113247
1.471871E+7,0,Inf,1.137271E+7,0,Inf,1.124774E+7,1.129482E+7,-0.004177,9133165,0,Inf,1.053706E+7,1.255029E+7,8505505,6116388
1.471999E+7,0,Inf,1.1377E+7,0,Inf,1.124802E+7,1.129568E+7,-0.004228,9139629,0,Inf,1.054064E+7,1.2553E+7,8505815,6112263
1.472113E+7,0,Inf,1.137366E+7,0,Inf,1.125133E+7,1.12891E+7,-0.003351,9137871,0,Inf,1.054045E+7,1.25477E+7,8508619,6112350
1.472091E+7,0,Inf,1.137195E+7,0,Inf,1.125016E+7,1.128991E+7,-0.003527,9140954,0,Inf,1.053721E+7,1.254992E+7,8504763,6109291
1.471888E+7,0,Inf,1.137437E+7,0,Inf,1.125449E+7,1.13027E+7,-0.004275,9135139,0,Inf,1.054095E+7,1.255331E+7,8509693,6108451
1.471905E+7,0,Inf,1.137643E+7,0,Inf,1.12523E+7,1.129284E+7,-0.003596,9135388,0,Inf,1.054125E+7,1.254988E+7,8509597,6112476
1.471772E+7,0,Inf,1.137763E+7,0,Inf,1.12569E+7,1.129422E+7,-0.00331,9138514,0,Inf,1.053934E+7,1.254845E+7,8513510,6110979
1.472403E+7,0,Inf,1.137701E+7,0,Inf,1.125838E+7,1.129867E+7,-0.003572,9139228,0,Inf,1.054046E+7,1.255026E+7,8513047,6108732
1.471917E+7,0,Inf,1.137716E+7,0,Inf,1.125934E+7,1.129924E+7,-0.003538,9140694,0,Inf,1.053912E+7,1.255464E+7,8516317,6112387
1.472186E+7,0,Inf,1.137912E+7,0,Inf,1.126018E+7,1.130333E+7,-0.003825,9138246,0,Inf,1.053987E+7,1.255482E+7,8518099,6113832
1.472245E+7,0,Inf,1.137829E+7,0,Inf,1.125959E+7,1.130833E+7,-0.004319,9140004,0,Inf,1.054181E+7,1.255158E+7,8524645,6110473
1.472479E+7,0,Inf,1.137736E+7,0,Inf,1.125631E+7,1.131161E+7,-0.004901,9141207,0,Inf,1.05417E+7,1.255205E+7,8526414,6110665
1.471984E+7,0,Inf,1.137818E+7,0,Inf,1.126033E+7,1.130813E+7,-0.004235,9141821,0,Inf,1.054172E+7,1.255538E+7,8526785,6112274
1.47226E+7,0,Inf,1.137788E+7,0,Inf,1.126609E+7,1.131787E+7,-0.004586,9140313,0,Inf,1.054233E+7,1.25542E+7,8530453,6112227
1.472365E+7,0,Inf,1.138084E+7,0,Inf,1.126184E+7,1.130834E+7,-0.004121,9140571,0,Inf,1.05425E+7,1.255252E+7,8532074,6108524
1.472449E+7,0,Inf,1.138016E+7,0,Inf,1.126641E+7,1.131273E+7,-0.004103,9143338,0,Inf,1.054102E+7,1.255401E+7,8538117,6110760
1.472464E+7,0,Inf,1.138279E+7,0,Inf,1.126878E+7,1.131621E+7,-0.004201,9143305,0,Inf,1.054349E+7,1.255368E+7,8538287,6109592
1.472258E+7,0,Inf,1.13824E+7,0,Inf,1.126344E+7,1.131443E+7,-0.004517,9141603,0,Inf,1.054354E+7,1.25519E+7,8542144,6113347
1.47252E+7,0,Inf,1.138244E+7,0,Inf,1.126612E+7,1.132533E+7,-0.005242,9144250,0,Inf,1.054362E+7,1.255196E+7,8545333,6111270
1.472542E+7,0,Inf,1.138217E+7,0,Inf,1.126477E+7,1.131788E+7,-0.004704,9144997,0,Inf,1.054519E+7,1.255468E+7,8546936,6113057
1.47235E+7,0,Inf,1.138337E+7,0,Inf,1.127012E+7,1.132261E+7,-0.004646,9142412,0,Inf,1.054738E+7,1.255724E+7,8548742,6109690
1.472338E+7,0,Inf,1.138396E+7,0,Inf,1.126613E+7,1.132547E+7,-0.005253,9148126,0,Inf,1.054685E+7,1.255805E+7,8549722,6113388
1.47269E+7,0,Inf,1.13858E+7,0,Inf,1.126633E+7,1.132091E+7,-0.004833,9147105,0,Inf,1.054599E+7,1.255636E+7,8553177,6111291
1.472514E+7,0,Inf,1.138237E+7,0,Inf,1.127208E+7,1.132046E+7,-0.004283,9146498,0,Inf,1.054627E+7,1.255775E+7,8553704,6110882
1.472279E+7,0,Inf,1.138571E+7,0,Inf,1.127187E+7,1.132747E+7,-0.004921,9143146,0,Inf,1.054297E+7,1.255468E+7,8556604,6111648
1.472351E+7,0,Inf,1.138685E+7,0,Inf,1.127344E+7,1.132774E+7,-0.004805,9143698,0,Inf,1.05488E+7,1.255928E+7,8560163,6108669
1.47248E+7,0,Inf,1.138922E+7,0,Inf,1.127136E+7,1.133036E+7,-0.005221,9149118,0,Inf,1.054685E+7,1.256169E+7,8560764,6109249
1.472602E+7,0,Inf,1.138553E+7,0,Inf,1.127472E+7,1.132111E+7,-0.004106,9148166,0,Inf,1.054335E+7,1.255891E+7,8560390,6112883
1.472675E+7,0,Inf,1.138712E+7,0,Inf,1.127769E+7,1.133003E+7,-0.00463,9148673,0,Inf,1.054521E+7,1.25578E+7,8557251,6110759
1.472819E+7,0,Inf,1.138905E+7,0,Inf,1.127756E+7,1.133659E+7,-0.005221,9143593,0,Inf,1.054764E+7,1.256114E+7,8558589,6111942
1.472933E+7,0,Inf,1.138625E+7,0,Inf,1.127685E+7,1.134062E+7,-0.00564,9149018,0,Inf,1.054714E+7,1.255899E+7,8562496,6109992
1.472713E+7,0,Inf,1.138968E+7,0,Inf,1.12738E+7,1.134093E+7,-0.005937,9150339,0,Inf,1.05514E+7,1.256182E+7,8563153,6112218
1.472616E+7,0,Inf,1.139202E+7,0,Inf,1.127606E+7,1.13394E+7,-0.005601,9149873,0,Inf,1.05486E+7,1.256672E+7,8562731,6111666
1.472452E+7,0,Inf,1.138834E+7,0,Inf,1.127574E+7,1.134215E+7,-0.005872,9149230,0,Inf,1.054918E+7,1.256384E+7,8563061,6114485
1.472757E+7,0,Inf,1.13864E+7,0,Inf,1.127634E+7,1.133856E+7,-0.005502,9151303,0,Inf,1.055175E+7,1.256512E+7,8567292,6110514
1.47325E+7,0,Inf,1.138858E+7,0,Inf,1.127522E+7,1.133944E+7,-0.00568,9150478,0,Inf,1.054799E+7,1.256482E+7,8561872,6109819
1.472878E+7,0,Inf,1.139025E+7,0,Inf,1.127941E+7,1.134465E+7,-0.005768,9154073,0,Inf,1.055044E+7,1.256754E+7,8563238,6111397
1.472783E+7,0,Inf,1.138804E+7,0,Inf,1.127941E+7,1.134106E+7,-0.005451,9151877,0,Inf,1.05532E+7,1.256683E+7,8561579,6115046
1.472892E+7,0,Inf,1.138984E+7,0,Inf,1.128131E+7,1.133932E+7,-0.005129,9153247,0,Inf,1.055126E+7,1.256713E+7,8563646,6111576
1.472967E+7,0,Inf,1.139015E+7,0,Inf,1.127754E+7,1.133859E+7,-0.005399,9151987,0,Inf,1.05498E+7,1.256952E+7,8568281,6108997
1.473174E+7,0,Inf,1.139286E+7,0,Inf,1.128186E+7,1.13409E+7,-0.005219,9151440,0,Inf,1.055213E+7,1.256903E+7,8564166,6112633
1.473077E+7,0,Inf,1.139358E+7,0,Inf,1.128236E+7,1.13416E+7,-0.005237,9153418,0,Inf,1.055307E+7,1.257013E+7,8559324,6116240
1.473286E+7,0,Inf,1.139105E+7,0,Inf,1.128227E+7,1.134539E+7,-0.005579,9154954,0,Inf,1.055258E+7,1.257179E+7,8564718,6110244
1.473265E+7,0,Inf,1.138841E+7,0,Inf,1.128179E+7,1.134255E+7,-0.005371,9158072,0,Inf,1.055286E+7,1.257119E+7,8561472,6114198
1.473062E+7,0,Inf,1.138911E+7,0,Inf,1.128488E+7,1.135007E+7,-0.00576,9156067,0,Inf,1.055338E+7,1.25727E+7,8562729,6111564
1.473011E+7,0,Inf,1.139445E+7,0,Inf,1.128222E+7,1.134737E+7,-0.005758,9154971,0,Inf,1.055742E+7,1.257441E+7,8562443,6114146
1.47344E+7,0,Inf,1.139366E+7,0,Inf,1.128419E+7,1.134722E+7,-0.00557,9158770,0,Inf,1.055432E+7,1.257498E+7,8564005,6109884
1.473104E+7,0,Inf,1.139083E+7,0,Inf,1.128684E+7,1.13489E+7,-0.005483,9154060,0,Inf,1.055322E+7,1.257324E+7,8562309,6109739
1.473118E+7,0,Inf,1.139425E+7,0,Inf,1.128818E+7,1.134727E+7,-0.005221,9153633,0,Inf,1.05564E+7,1.257568E+7,8563975,6112889
1.473116E+7,0,Inf,1.139605E+7,0,Inf,1.128886E+7,1.134954E+7,-0.00536,9158767,0,Inf,1.055742E+7,1.257251E+7,8561862,6115319
1.473179E+7,0,Inf,1.13963E+7,0,Inf,1.128446E+7,1.1347E+7,-0.005527,9156191,0,Inf,1.055625E+7,1.257591E+7,8567871,6111753
1.473619E+7,0,Inf,1.139427E+7,0,Inf,1.129031E+7,1.134518E+7,-0.004848,9162055,0,Inf,1.055196E+7,1.257747E+7,8566389,6112312
1.473502E+7,0,Inf,1.13939E+7,0,Inf,1.129055E+7,1.135374E+7,-0.005581,9157144,0,Inf,1.055596E+7,1.258245E+7,8562996,6110747
1.473219E+7,0,Inf,1.139319E+7,0,Inf,1.12907E+7,1.13543E+7,-0.005617,9157358,0,Inf,1.055731E+7,1.257882E+7,8565992,6113566
1.47326E+7,0,Inf,1.139703E+7,0,Inf,1.12898E+7,1.134948E+7,-0.005272,9156824,0,Inf,1.055991E+7,1.257832E+7,8568642,6111700
1.473231E+7,0,Inf,1.139549E+7,0,Inf,1.129487E+7,1.135122E+7,-0.004977,9158719,0,Inf,1.055908E+7,1.257933E+7,8566244,6113831
1.473521E+7,0,Inf,1.139701E+7,0,Inf,1.129208E+7,1.134914E+7,-0.005041,9162668,0,Inf,1.05587E+7,1.258028E+7,8568802,6110064
1.473344E+7,0,Inf,1.1394E+7,0,Inf,1.129607E+7,1.13503E+7,-0.004789,9158338,0,Inf,1.056028E+7,1.258069E+7,8574332,6112748
1.473427E+7,0,Inf,1.13962E+7,0,Inf,1.129471E+7,1.135236E+7,-0.005091,9163333,0,Inf,1.055776E+7,1.258082E+7,8572747,6113025
1.473528E+7,0,Inf,1.139623E+7,0,Inf,1.129774E+7,1.134988E+7,-0.004604,9161543,0,Inf,1.056217E+7,1.258299E+7,8574997,6110129
1.473316E+7,0,Inf,1.139522E+7,0,Inf,1.129753E+7,1.135293E+7,-0.004892,9161638,0,Inf,1.056047E+7,1.258377E+7,8581504,6116815
1.473517E+7,0,Inf,1.139708E+7,0,Inf,1.130063E+7,1.13554E+7,-0.004835,9160446,0,Inf,1.056016E+7,1.25808E+7,8581770,6113911
1.472878E+7,0,Inf,1.140021E+7,0,Inf,1.130013E+7,1.135225E+7,-0.004602,9162241,0,Inf,1.056419E+7,1.258157E+7,8582058,6110970
1.473875E+7,0,Inf,1.1397E+7,0,Inf,1.130537E+7,1.134669E+7,-0.003648,9162036,0,Inf,1.056207E+7,1.258245E+7,8586915,6110585
1.473385E+7,0,Inf,1.139643E+7,0,Inf,1.13032E+7,1.135349E+7,-0.00444,9162671,0,Inf,1.055963E+7,1.258286E+7,8591649,6112138
1.473702E+7,0,Inf,1.139848E+7,0,Inf,1.130755E+7,1.135892E+7,-0.004533,9161322,0,Inf,1.056464E+7,1.258258E+7,8595006,6110186
1.473548E+7,0,Inf,1.139667E+7,0,Inf,1.13059E+7,1.136611E+7,-0.005311,9162858,0,Inf,1.056187E+7,1.258162E+7,8599032,6112638
1.473842E+7,0,Inf,1.139636E+7,0,Inf,1.130368E+7,1.135373E+7,-0.004418,9163245,0,Inf,1.056047E+7,1.258172E+7,8603726,6108479
1.473651E+7,0,Inf,1.139886E+7,0,Inf,1.131005E+7,1.135623E+7,-0.004075,9163048,0,Inf,1.056291E+7,1.258306E+7,8601075,6110630
1.473333E+7,0,Inf,1.140038E+7,0,Inf,1.130919E+7,1.135673E+7,-0.004195,9161152,0,Inf,1.056537E+7,1.257906E+7,8607498,6113229
1.473777E+7,0,Inf,1.139804E+7,0,Inf,1.131098E+7,1.135723E+7,-0.004081,9161603,0,Inf,1.056485E+7,1.258465E+7,8612300,6111608
1.473654E+7,0,Inf,1.139736E+7,0,Inf,1.131406E+7,1.135376E+7,-0.003503,9162323,0,Inf,1.056464E+7,1.258267E+7,8614350,6111231
1.47376E+7,0,Inf,1.139985E+7,0,Inf,1.131559E+7,1.135911E+7,-0.003839,9160799,0,Inf,1.056367E+7,1.258326E+7,8613940,6109829
1.47381E+7,0,Inf,1.14014E+7,0,Inf,1.13178E+7,1.136792E+7,-0.004419,9163954,0,Inf,1.056484E+7,1.258356E+7,8622879,6112927
1.473889E+7,0,Inf,1.140407E+7,0,Inf,1.131949E+7,1.135549E+7,-0.003175,9166165,0,Inf,1.056495E+7,1.258211E+7,8624497,6112395
1.473701E+7,0,Inf,1.140311E+7,0,Inf,1.13207E+7,1.135803E+7,-0.003292,9164569,0,Inf,1.056569E+7,1.258412E+7,8627532,6106806
1.473677E+7,0,Inf,1.14011E+7,0,Inf,1.132373E+7,1.136286E+7,-0.003449,9166075,0,Inf,1.056697E+7,1.258322E+7,8627907,6110687
1.473824E+7,0,Inf,1.140432E+7,0,Inf,1.132605E+7,1.135738E+7,-0.002763,9164380,0,Inf,1.05678E+7,1.258527E+7,8629483,6112511
1.473974E+7,0,Inf,1.140236E+7,0,Inf,1.132564E+7,1.136718E+7,-0.003661,9164786,0,Inf,1.057087E+7,1.258499E+7,8635336,6112204
1.474099E+7,0,Inf,1.140432E+7,0,Inf,1.132561E+7,1.136586E+7,-0.003547,9165418,0,Inf,1.056708E+7,1.258271E+7,8639907,6108589
1.47415E+7,0,Inf,1.14035E+7,0,Inf,1.132948E+7,1.136242E+7,-0.002903,9167220,0,Inf,1.056658E+7,1.258574E+7,8639148,6110576
1.473779E+7,0,Inf,1.140592E+7,0,Inf,1.13342E+7,1.136886E+7,-0.003053,9164708,0,Inf,1.056768E+7,1.258767E+7,8641735,6113735
1.474033E+7,0,Inf,1.140503E+7,0,Inf,1.133274E+7,1.137239E+7,-0.003493,9167579,0,Inf,1.056805E+7,1.258445E+7,8640471,6111970
1.474029E+7,0,Inf,1.140474E+7,0,Inf,1.133223E+7,1.137043E+7,-0.003366,9167728,0,Inf,1.056872E+7,1.259017E+7,8644117,6111974
1.474118E+7,0,Inf,1.140831E+7,0,Inf,1.133426E+7,1.137844E+7,-0.003891,9169399,0,Inf,1.057122E+7,1.258805E+7,8643606,6107928
1.47399E+7,0,Inf,1.140841E+7,0,Inf,1.133562E+7,1.136651E+7,-0.002722,9167877,0,Inf,1.057193E+7,1.259117E+7,8642106,6111913
1.47429E+7,0,Inf,1.14047E+7,0,Inf,1.13388E+7,1.137644E+7,-0.003314,9171221,0,Inf,1.057144E+7,1.259006E+7,8645537,6104345
1.474397E+7,0,Inf,1.140584E+7,0,Inf,1.133933E+7,1.137535E+7,-0.003172,9171982,0,Inf,1.057176E+7,1.25892E+7,8645390,6107409
1.474173E+7,0,Inf,1.140865E+7,0,Inf,1.134316E+7,1.137832E+7,-0.003095,9170442,0,Inf,1.057188E+7,1.259207E+7,8641126,6110363
1.474358E+7,0,Inf,1.140962E+7,0,Inf,1.134637E+7,1.137797E+7,-0.002781,9170964,0,Inf,1.057274E+7,1.259096E+7,8645062,6108777
1.473915E+7,0,Inf,1.141175E+7,0,Inf,1.134353E+7,1.138196E+7,-0.003382,9171011,0,Inf,1.057376E+7,1.258981E+7,8647336,6106782
1.474378E+7,0,Inf,1.141096E+7,0,Inf,1.134483E+7,1.138112E+7,-0.003194,9173768,0,Inf,1.057428E+7,1.259197E+7,8640087,6107375
1.47428E+7,0,Inf,1.141183E+7,0,Inf,1.134871E+7,1.138547E+7,-0.003234,9170969,0,Inf,1.057777E+7,1.259055E+7,8643216,6108849
1.474621E+7,0,Inf,1.141236E+7,0,Inf,1.135006E+7,1.13881E+7,-0.003346,9172293,0,Inf,1.057419E+7,1.259269E+7,8642181,6108202
1.474873E+7,0,Inf,1.141275E+7,0,Inf,1.135373E+7,1.138529E+7,-0.002775,9170299,0,Inf,1.057146E+7,1.259632E+7,8645437,6108318
1.474785E+7,0,Inf,1.141208E+7,0,Inf,1.135209E+7,1.139033E+7,-0.003363,9172116,0,Inf,1.057177E+7,1.259658E+7,8645386,6104103
1.474654E+7,0,Inf,1.141277E+7,0,Inf,1.13548E+7,1.139894E+7,-0.003881,9169086,0,Inf,1.057379E+7,1.259676E+7,8644049,6104922
1.47502E+7,0,Inf,1.141875E+7,0,Inf,1.135404E+7,1.139789E+7,-0.003855,9171945,0,Inf,1.05768E+7,1.260393E+7,8643153,6107707
1.474616E+7,0,Inf,1.141415E+7,0,Inf,1.135541E+7,1.138983E+7,-0.003026,9175558,0,Inf,1.057748E+7,1.260173E+7,8647929,6107460
1.474536E+7,0,Inf,1.141834E+7,0,Inf,1.135376E+7,1.139182E+7,-0.003347,9175725,0,Inf,1.057702E+7,1.26019E+7,8646457,6107968
1.474749E+7,0,Inf,1.141921E+7,0,Inf,1.135993E+7,1.139207E+7,-0.002825,9170075,0,Inf,1.057551E+7,1.260519E+7,8649560,6108512
1.474713E+7,0,Inf,1.141453E+7,0,Inf,1.136004E+7,1.139258E+7,-0.00286,9173866,0,Inf,1.05808E+7,1.260225E+7,8649690,6105511
1.474662E+7,0,Inf,1.14168E+7,0,Inf,1.136097E+7,1.140168E+7,-0.003577,9173935,0,Inf,1.058342E+7,1.260608E+7,8652659,6107292
1.474744E+7,0,Inf,1.141925E+7,0,Inf,1.136035E+7,1.140208E+7,-0.003667,9175501,0,Inf,1.058101E+7,1.260884E+7,8652931,6107793
1.474896E+7,0,Inf,1.141817E+7,0,Inf,1.136414E+7,1.140858E+7,-0.003903,9173758,0,Inf,1.057991E+7,1.260808E+7,8656515,6105794
1.474658E+7,0,Inf,1.142037E+7,0,Inf,1.136425E+7,1.140291E+7,-0.003396,9174657,0,Inf,1.058212E+7,1.260792E+7,8659832,6110647
1.474596E+7,0,Inf,1.14197E+7,0,Inf,1.136808E+7,1.1411E+7,-0.003768,9175810,0,Inf,1.057932E+7,1.260968E+7,8661037,6101380
1.475097E+7,0,Inf,1.141771E+7,0,Inf,1.136567E+7,1.142534E+7,-0.005237,9178601,0,Inf,1.058199E+7,1.261052E+7,8666254,6105992
1.474972E+7,0,Inf,1.142297E+7,0,Inf,1.136681E+7,1.141229E+7,-0.003993,9178296,0,Inf,1.058238E+7,1.261657E+7,8665775,6103332
1.475063E+7,0,Inf,1.142625E+7,0,Inf,1.136741E+7,1.141284E+7,-0.003988,9173238,0,Inf,1.058422E+7,1.260916E+7,8670029,6103849
1.475112E+7,0,Inf,1.142547E+7,0,Inf,1.136866E+7,1.141397E+7,-0.003978,9177248,0,Inf,1.059025E+7,1.261345E+7,8672568,6105858
1.475259E+7,0,Inf,1.142502E+7,0,Inf,1.136792E+7,1.141658E+7,-0.004271,9178008,0,Inf,1.058428E+7,1.261561E+7,8678433,6105121
1.475315E+7,0,Inf,1.142485E+7,0,Inf,1.136989E+7,1.141588E+7,-0.004037,9177657,0,Inf,1.058193E+7,1.261634E+7,8677643,6103210
1.475119E+7,0,Inf,1.142362E+7,0,Inf,1.137036E+7,1.142435E+7,-0.004737,9177350,0,Inf,1.058532E+7,1.26148E+7,8681226,6106139
1.475466E+7,0,Inf,1.142531E+7,0,Inf,1.137308E+7,1.142997E+7,-0.00499,9178722,0,Inf,1.058742E+7,1.261536E+7,8686383,6101209
1.475452E+7,0,Inf,1.142586E+7,0,Inf,1.136833E+7,1.142662E+7,-0.005114,9177129,0,Inf,1.058753E+7,1.261701E+7,8689548,6103475
1.475229E+7,0,Inf,1.14263E+7,0,Inf,1.137274E+7,1.142945E+7,-0.004974,9180228,0,Inf,1.058804E+7,1.261892E+7,8691377,6105537
1.475311E+7,0,Inf,1.142903E+7,0,Inf,1.137436E+7,1.143422E+7,-0.005249,9179212,0,Inf,1.058828E+7,1.262103E+7,8693775,6106101
1.47527E+7,0,Inf,1.142547E+7,0,Inf,1.137064E+7,1.143656E+7,-0.00578,9179767,0,Inf,1.059111E+7,1.26188E+7,8696958,6102683
1.475553E+7,0,Inf,1.142357E+7,0,Inf,1.137109E+7,1.14329E+7,-0.005421,9182645,0,Inf,1.058618E+7,1.261596E+7,8703283,6103079
1.475091E+7,0,Inf,1.142611E+7,0,Inf,1.137598E+7,1.143033E+7,-0.004766,9177622,0,Inf,1.058755E+7,1.262031E+7,8700552,6103515
1.47571E+7,0,Inf,1.1426E+7,0,Inf,1.137574E+7,1.143629E+7,-0.005309,9181814,0,Inf,1.058644E+7,1.262039E+7,8705330,6107272
1.475532E+7,0,Inf,1.142669E+7,0,Inf,1.137317E+7,1.143404E+7,-0.005338,9181389,0,Inf,1.058971E+7,1.261477E+7,8710454,6105481
1.47555E+7,0,Inf,1.142893E+7,0,Inf,1.13728E+7,1.143877E+7,-0.005783,9183023,0,Inf,1.059054E+7,1.261805E+7,8711347,6100311
1.475344E+7,0,Inf,1.142782E+7,0,Inf,1.137805E+7,1.144175E+7,-0.005583,9184338,0,Inf,1.058977E+7,1.261789E+7,8710492,6105428
1.475424E+7,0,Inf,1.142785E+7,0,Inf,1.137664E+7,1.143698E+7,-0.00529,9177133,0,Inf,1.05916E+7,1.261841E+7,8714245,6107171
1.47563E+7,0,Inf,1.143001E+7,0,Inf,1.137769E+7,1.14353E+7,-0.005051,9178748,0,Inf,1.059108E+7,1.261924E+7,8716729,6105640
1.475678E+7,0,Inf,1.142827E+7,0,Inf,1.137676E+7,1.143982E+7,-0.005528,9180823,0,Inf,1.05932E+7,1.261731E+7,8720237,6102215
1.476057E+7,0,Inf,1.142792E+7,0,Inf,1.137394E+7,1.143966E+7,-0.005762,9181210,0,Inf,1.059407E+7,1.26198E+7,8722368,6100876
1.475838E+7,0,Inf,1.143E+7,0,Inf,1.137707E+7,1.143971E+7,-0.005491,9185029,0,Inf,1.059452E+7,1.261716E+7,8722925,6104271
1.475768E+7,0,Inf,1.143019E+7,0,Inf,1.137614E+7,1.143561E+7,-0.005214,9183826,0,Inf,1.059407E+7,1.26212E+7,8724806,6103577
1.476216E+7,0,Inf,1.142686E+7,0,Inf,1.137684E+7,1.145253E+7,-0.00663,9182992,0,Inf,1.059425E+7,1.262046E+7,8721731,6102435
1.476073E+7,0,Inf,1.142681E+7,0,Inf,1.137928E+7,1.144512E+7,-0.005769,9182398,0,Inf,1.059197E+7,1.262234E+7,8721370,6101265
1.476255E+7,0,Inf,1.143338E+7,0,Inf,1.137962E+7,1.14475E+7,-0.005947,9181405,0,Inf,1.059803E+7,1.26158E+7,8725902,6103409
1.475662E+7,0,Inf,1.143045E+7,0,Inf,1.137994E+7,1.144567E+7,-0.005759,9183223,0,Inf,1.059685E+7,1.26193E+7,8725438,6100654
1.476125E+7,0,Inf,1.142925E+7,0,Inf,1.138231E+7,1.144955E+7,-0.00589,9183142,0,Inf,1.059818E+7,1.261943E+7,8727759,6102007
1.476044E+7,0,Inf,1.142737E+7,0,Inf,1.138258E+7,1.144984E+7,-0.005891,9185831,0,Inf,1.05995E+7,1.262084E+7,8727235,6100696
1.475938E+7,0,Inf,1.143457E+7,0,Inf,1.138495E+7,1.14564E+7,-0.006255,9183923,0,Inf,1.059973E+7,1.261976E+7,8725229,6102111
1.476159E+7,0,Inf,1.143318E+7,0,Inf,1.138446E+7,1.14503E+7,-0.005767,9184995,0,Inf,1.060039E+7,1.262044E+7,8725715,6103356
1.476429E+7,0,Inf,1.14302E+7,0,Inf,1.138196E+7,1.144567E+7,-0.005582,9185529,0,Inf,1.060017E+7,1.26221E+7,8727258,6097769
1.476302E+7,0,Inf,1.143375E+7,0,Inf,1.138353E+7,1.145492E+7,-0.006252,9186224,0,Inf,1.060099E+7,1.261924E+7,8728470,6099873
1.476309E+7,0,Inf,1.143494E+7,0,Inf,1.138578E+7,1.145149E+7,-0.005755,9188550,0,Inf,1.059879E+7,1.262337E+7,8724795,6103930
0,0,0,0,0,0,0,0,0,0,0,0,0,0,0,0
0,0,0,0,0,0,0,0,0,0,0,0,0,0,0,0
0,0,0,0,0,0,0,0,0,0,0,0,0,0,0,0
0,0,0,0,0,0,0,0,0,0,0,0,0,0,0,0
0,0,0,0,0,0,0,0,0,0,0,0,0,0,0,0
0,0,0,0,0,0,0,0,0,0,0,0,0,0,0,0
0,0,0,0,0,0,0,0,0,0,0,0,0,0,0,0
0,0,0,0,0,0,0,0,0,0,0,0,0,0,0,0
0,0,0,0,0,0,0,0,0,0,0,0,0,0,0,0
0,0,0,0,0,0,0,0,0,0,0,0,0,0,0,0
0,0,0,0,0,0,0,0,0,0,0,0,0,0,0,0
0,0,0,0,0,0,0,0,0,0,0,0,0,0,0,0
0,0,0,0,0,0,0,0,0,0,0,0,0,0,0,0
0,0,0,0,0,0,0,0,0,0,0,0,0,0,0,0
0,0,0,0,0,0,0,0,0,0,0,0,0,0,0,0
0,0,0,0,0,0,0,0,0,0,0,0,0,0,0,0
0,0,0,0,0,0,0,0,0,0,0,0,0,0,0,0
0,0,0,0,0,0,0,0,0,0,0,0,0,0,0,0
0,0,0,0,0,0,0,0,0,0,0,0,0,0,0,0
0,0,0,0,0,0,0,0,0,0,0,0,0,0,0,0
0,0,0,0,0,0,0,0,0,0,0,0,0,0,0,0
0,0,0,0,0,0,0,0,0,0,0,0,0,0,0,0
0,0,0,0,0,0,0,0,0,0,0,0,0,0,0,0
0,0,0,0,0,0,0,0,0,0,0,0,0,0,0,0
0,0,0,0,0,0,0,0,0,0,0,0,0,0,0,0
0,0,0,0,0,0,0,0,0,0,0,0,0,0,0,0
0,0,0,0,0,0,0,0,0,0,0,0,0,0,0,0
0,0,0,0,0,0,0,0,0,0,0,0,0,0,0,0
0,0,0,0,0,0,0,0,0,0,0,0,0,0,0,0
0,0,0,0,0,0,0,0,0,0,0,0,0,0,0,0
0,0,0,0,0,0,0,0,0,0,0,0,0,0,0,0
0,0,0,0,0,0,0,0,0,0,0,0,0,0,0,0
0,0,0,0,0,0,0,0,0,0,0,0,0,0,0,0
0,0,0,0,0,0,0,0,0,0,0,0,0,0,0,0
0,0,0,0,0,0,0,0,0,0,0,0,0,0,0,0
0,0,0,0,0,0,0,0,0,0,0,0,0,0,0,0
0,0,0,0,0,0,0,0,0,0,0,0,0,0,0,0
0,0,0,0,0,0,0,0,0,0,0,0,0,0,0,0
0,0,0,0,0,0,0,0,0,0,0,0,0,0,0,0
0,0,0,0,0,0,0,0,0,0,0,0,0,0,0,0
0,0,0,0,0,0,0,0,0,0,0,0,0,0,0,0
0,0,0,0,0,0,0,0,0,0,0,0,0,0,0,0
0,0,0,0,0,0,0,0,0,0,0,0,0,0,0,0
0,0,0,0,0,0,0,0,0,0,0,0,0,0,0,0
0,0,0,0,0,0,0,0,0,0,0,0,0,0,0,0
0,0,0,0,0,0,0,0,0,0,0,0,0,0,0,0
0,0,0,0,0,0,0,0,0,0,0,0,0,0,0,0
0,0,0,0,0,0,0,0,0,0,0,0,0,0,0,0
0,0,0,0,0,0,0,0,0,0,0,0,0,0,0,0
0,0,0,0,0,0,0,0,0,0,0,0,0,0,0,0
0,0,0,0,0,0,0,0,0,0,0,0,0,0,0,0
0,0,0,0,0,0,0,0,0,0,0,0,0,0,0,0
0,0,0,0,0,0,0,0,0,0,0,0,0,0,0,0
0,0,0,0,0,0,0,0,0,0,0,0,0,0,0,0
0,0,0,0,0,0,0,0,0,0,0,0,0,0,0,0
0,0,0,0,0,0,0,0,0,0,0,0,0,0,0,0
0,0,0,0,0,0,0,0,0,0,0,0,0,0,0,0
0,0,0,0,0,0,0,0,0,0,0,0,0,0,0,0
0,0,0,0,0,0,0,0,0,0,0,0,0,0,0,0
0,0,0,0,0,0,0,0,0,0,0,0,0,0,0,0
0,0,0,0,0,0,0,0,0,0,0,0,0,0,0,0
0,0,0,0,0,0,0,0,0,0,0,0,0,0,0,0
0,0,0,0,0,0,0,0,0,0,0,0,0,0,0,0
0,0,0,0,0,0,0,0,0,0,0,0,0,0,0,0
0,0,0,0,0,0,0,0,0,0,0,0,0,0,0,0
0,0,0,0,0,0,0,0,0,0,0,0,0,0,0,0
0,0,0,0,0,0,0,0,0,0,0,0,0,0,0,0
0,0,0,0,0,0,0,0,0,0,0,0,0,0,0,0
0,0,0,0,0,0,0,0,0,0,0,0,0,0,0,0
0,0,0,0,0,0,0,0,0,0,0,0,0,0,0,0
0,0,0,0,0,0,0,0,0,0,0,0,0,0,0,0
0,0,0,0,0,0,0,0,0,0,0,0,0,0,0,0
0,0,0,0,0,0,0,0,0,0,0,0,0,0,0,0
0,0,0,0,0,0,0,0,0,0,0,0,0,0,0,0
0,0,0,0,0,0,0,0,0,0,0,0,0,0,0,0
0,0,0,0,0,0,0,0,0,0,0,0,0,0,0,0
0,0,0,0,0,0,0,0,0,0,0,0,0,0,0,0
0,0,0,0,0,0,0,0,0,0,0,0,0,0,0,0
0,0,0,0,0,0,0,0,0,0,0,0,0,0,0,0
0,0,0,0,0,0,0,0,0,0,0,0,0,0,0,0
0,0,0,0,0,0,0,0,0,0,0,0,0,0,0,0
0,0,0,0,0,0,0,0,0,0,0,0,0,0,0,0
0,0,0,0,0,0,0,0,0,0,0,0,0,0,0,0
0,0,0,0,0,0,0,0,0,0,0,0,0,0,0,0
0,0,0,0,0,0,0,0,0,0,0,0,0,0,0,0
0,0,0,0,0,0,0,0,0,0,0,0,0,0,0,0
0,0,0,0,0,0,0,0,0,0,0,0,0,0,0,0
0,0,0,0,0,0,0,0,0,0,0,0,0,0,0,0
0,0,0,0,0,0,0,0,0,0,0,0,0,0,0,0
0,0,0,0,0,0,0,0,0,0,0,0,0,0,0,0
0,0,0,0,0,0,0,0,0,0,0,0,0,0,0,0
0,0,0,0,0,0,0,0,0,0,0,0,0,0,0,0
0,0,0,0,0,0,0,0,0,0,0,0,0,0,0,0
0,0,0,0,0,0,0,0,0,0,0,0,0,0,0,0
0,0,0,0,0,0,0,0,0,0,0,0,0,0,0,0
0,0,0,0,0,0,0,0,0,0,0,0,0,0,0,0
0,0,0,0,0,0,0,0,0,0,0,0,0,0,0,0
0,0,0,0,0,0,0,0,0,0,0,0,0,0,0,0
0,0,0,0,0,0,0,0,0,0,0,0,0,0,0,0
0,0,0,0,0,0,0,0,0,0,0,0,0,0,0,0
0,0,0,0,0,0,0,0,0,0,0,0,0,0,0,0
0,0,0,0,0,0,0,0,0,0,0,0,0,0,0,0
0,0,0,0,0,0,0,0,0,0,0,0,0,0,0,0
0,0,0,0,0,0,0,0,0,0,0,0,0,0,0,0
0,0,0,0,0,0,0,0,0,0,0,0,0,0,0,0
0,0,0,0,0,0,0,0,0,0,0,0,0,0,0,0
0,0,0,0,0,0,0,0,0,0,0,0,0,0,0,0
0,0,0,0,0,0,0,0,0,0,0,0,0,0,0,0
0,0,0,0,0,0,0,0,0,0,0,0,0,0,0,0
0,0,0,0,0,0,0,0,0,0,0,0,0,0,0,0
0,0,0,0,0,0,0,0,0,0,0,0,0,0,0,0
0,0,0,0,0,0,0,0,0,0,0,0,0,0,0,0
0,0,0,0,0,0,0,0,0,0,0,0,0,0,0,0
0,0,0,0,0,0,0,0,0,0,0,0,0,0,0,0
0,0,0,0,0,0,0,0,0,0,0,0,0,0,0,0
0,0,0,0,0,0,0,0,0,0,0,0,0,0,0,0
0,0,0,0,0,0,0,0,0,0,0,0,0,0,0,0
0,0,0,0,0,0,0,0,0,0,0,0,0,0,0,0
0,0,0,0,0,0,0,0,0,0,0,0,0,0,0,0
0,0,0,0,0,0,0,0,0,0,0,0,0,0,0,0
0,0,0,0,0,0,0,0,0,0,0,0,0,0,0,0
0,0,0,0,0,0,0,0,0,0,0,0,0,0,0,0
0,0,0,0,0,0,0,0,0,0,0,0,0,0,0,0
0,0,0,0,0,0,0,0,0,0,0,0,0,0,0,0
0,0,0,0,0,0,0,0,0,0,0,0,0,0,0,0
0,0,0,0,0,0,0,0,0,0,0,0,0,0,0,0
0,0,0,0,0,0,0,0,0,0,0,0,0,0,0,0
0,0,0,0,0,0,0,0,0,0,0,0,0,0,0,0
0,0,0,0,0,0,0,0,0,0,0,0,0,0,0,0
0,0,0,0,0,0,0,0,0,0,0,0,0,0,0,0
0,0,0,0,0,0,0,0,0,0,0,0,0,0,0,0
0,0,0,0,0,0,0,0,0,0,0,0,0,0,0,0
0,0,0,0,0,0,0,0,0,0,0,0,0,0,0,0
0,0,0,0,0,0,0,0,0,0,0,0,0,0,0,0
0,0,0,0,0,0,0,0,0,0,0,0,0,0,0,0
0,0,0,0,0,0,0,0,0,0,0,0,0,0,0,0
0,0,0,0,0,0,0,0,0,0,0,0,0,0,0,0
0,0,0,0,0,0,0,0,0,0,0,0,0,0,0,0
0,0,0,0,0,0,0,0,0,0,0,0,0,0,0,0
0,0,0,0,0,0,0,0,0,0,0,0,0,0,0,0
0,0,0,0,0,0,0,0,0,0,0,0,0,0,0,0
0,0,0,0,0,0,0,0,0,0,0,0,0,0,0,0
0,0,0,0,0,0,0,0,0,0,0,0,0,0,0,0
0,0,0,0,0,0,0,0,0,0,0,0,0,0,0,0
0,0,0,0,0,0,0,0,0,0,0,0,0,0,0,0
0,0,0,0,0,0,0,0,0,0,0,0,0,0,0,0
0,0,0,0,0,0,0,0,0,0,0,0,0,0,0,0
0,0,0,0,0,0,0,0,0,0,0,0,0,0,0,0
0,0,0,0,0,0,0,0,0,0,0,0,0,0,0,0
0,0,0,0,0,0,0,0,0,0,0,0,0,0,0,0
0,0,0,0,0,0,0,0,0,0,0,0,0,0,0,0
0,0,0,0,0,0,0,0,0,0,0,0,0,0,0,0
0,0,0,0,0,0,0,0,0,0,0,0,0,0,0,0
0,0,0,0,0,0,0,0,0,0,0,0,0,0,0,0
0,0,0,0,0,0,0,0,0,0,0,0,0,0,0,0
0,0,0,0,0,0,0,0,0,0,0,0,0,0,0,0
0,0,0,0,0,0,0,0,0,0,0,0,0,0,0,0
0,0,0,0,0,0,0,0,0,0,0,0,0,0,0,0
0,0,0,0,0,0,0,0,0,0,0,0,0,0,0,0
0,0,0,0,0,0,0,0,0,0,0,0,0,0,0,0
0,0,0,0,0,0,0,0,0,0,0,0,0,0,0,0
0,0,0,0,0,0,0,0,0,0,0,0,0,0,0,0
0,0,0,0,0,0,0,0,0,0,0,0,0,0,0,0
0,0,0,0,0,0,0,0,0,0,0,0,0,0,0,0
0,0,0,0,0,0,0,0,0,0,0,0,0,0,0,0
0,0,0,0,0,0,0,0,0,0,0,0,0,0,0,0
0,0,0,0,0,0,0,0,0,0,0,0,0,0,0,0
0,0,0,0,0,0,0,0,0,0,0,0,0,0,0,0
0,0,0,0,0,0,0,0,0,0,0,0,0,0,0,0
0,0,0,0,0,0,0,0,0,0,0,0,0,0,0,0
0,0,0,0,0,0,0,0,0,0,0,0,0,0,0,0
0,0,0,0,0,0,0,0,0,0,0,0,0,0,0,0
0,0,0,0,0,0,0,0,0,0,0,0,0,0,0,0
0,0,0,0,0,0,0,0,0,0,0,0,0,0,0,0
0,0,0,0,0,0,0,0,0,0,0,0,0,0,0,0
0,0,0,0,0,0,0,0,0,0,0,0,0,0,0,0
0,0,0,0,0,0,0,0,0,0,0,0,0,0,0,0
0,0,0,0,0,0,0,0,0,0,0,0,0,0,0,0
0,0,0,0,0,0,0,0,0,0,0,0,0,0,0,0
0,0,0,0,0,0,0,0,0,0,0,0,0,0,0,0
0,0,0,0,0,0,0,0,0,0,0,0,0,0,0,0
0,0,0,0,0,0,0,0,0,0,0,0,0,0,0,0
0,0,0,0,0,0,0,0,0,0,0,0,0,0,0,0
0,0,0,0,0,0,0,0,0,0,0,0,0,0,0,0
0,0,0,0,0,0,0,0,0,0,0,0,0,0,0,0
0,0,0,0,0,0,0,0,0,0,0,0,0,0,0,0
0,0,0,0,0,0,0,0,0,0,0,0,0,0,0,0
0,0,0,0,0,0,0,0,0,0,0,0,0,0,0,0
0,0,0,0,0,0,0,0,0,0,0,0,0,0,0,0
0,0,0,0,0,0,0,0,0,0,0,0,0,0,0,0
0,0,0,0,0,0,0,0,0,0,0,0,0,0,0,0
0,0,0,0,0,0,0,0,0,0,0,0,0,0,0,0
0,0,0,0,0,0,0,0,0,0,0,0,0,0,0,0
0,0,0,0,0,0,0,0,0,0,0,0,0,0,0,0
0,0,0,0,0,0,0,0,0,0,0,0,0,0,0,0
0,0,0,0,0,0,0,0,0,0,0,0,0,0,0,0
0,0,0,0,0,0,0,0,0,0,0,0,0,0,0,0
0,0,0,0,0,0,0,0,0,0,0,0,0,0,0,0
0,0,0,0,0,0,0,0,0,0,0,0,0,0,0,0
0,0,0,0,0,0,0,0,0,0,0,0,0,0,0,0
0,0,0,0,0,0,0,0,0,0,0,0,0,0,0,0
0,0,0,0,0,0,0,0,0,0,0,0,0,0,0,0
0,0,0,0,0,0,0,0,0,0,0,0,0,0,0,0
0,0,0,0,0,0,0,0,0,0,0,0,0,0,0,0
0,0,0,0,0,0,0,0,0,0,0,0,0,0,0,0
0,0,0,0,0,0,0,0,0,0,0,0,0,0,0,0
0,0,0,0,0,0,0,0,0,0,0,0,0,0,0,0
0,0,0,0,0,0,0,0,0,0,0,0,0,0,0,0
0,0,0,0,0,0,0,0,0,0,0,0,0,0,0,0
0,0,0,0,0,0,0,0,0,0,0,0,0,0,0,0
0,0,0,0,0,0,0,0,0,0,0,0,0,0,0,0
0,0,0,0,0,0,0,0,0,0,0,0,0,0,0,0
0,0,0,0,0,0,0,0,0,0,0,0,0,0,0,0
0,0,0,0,0,0,0,0,0,0,0,0,0,0,0,0
0,0,0,0,0,0,0,0,0,0,0,0,0,0,0,0
0,0,0,0,0,0,0,0,0,0,0,0,0,0,0,0
0,0,0,0,0,0,0,0,0,0,0,0,0,0,0,0
0,0,0,0,0,0,0,0,0,0,0,0,0,0,0,0
0,0,0,0,0,0,0,0,0,0,0,0,0,0,0,0
0,0,0,0,0,0,0,0,0,0,0,0,0,0,0,0
0,0,0,0,0,0,0,0,0,0,0,0,0,0,0,0
0,0,0,0,0,0,0,0,0,0,0,0,0,0,0,0
0,0,0,0,0,0,0,0,0,0,0,0,0,0,0,0
0,0,0,0,0,0,0,0,0,0,0,0,0,0,0,0
0,0,0,0,0,0,0,0,0,0,0,0,0,0,0,0
0,0,0,0,0,0,0,0,0,0,0,0,0,0,0,0
0,0,0,0,0,0,0,0,0,0,0,0,0,0,0,0
0,0,0,0,0,0,0,0,0,0,0,0,0,0,0,0
0,0,0,0,0,0,0,0,0,0,0,0,0,0,0,0
0,0,0,0,0,0,0,0,0,0,0,0,0,0,0,0
0,0,0,0,0,0,0,0,0,0,0,0,0,0,0,0
0,0,0,0,0,0,0,0,0,0,0,0,0,0,0,0
0,0,0,0,0,0,0,0,0,0,0,0,0,0,0,0
0,0,0,0,0,0,0,0,0,0,0,0,0,0,0,0
0,0,0,0,0,0,0,0,0,0,0,0,0,0,0,0
0,0,0,0,0,0,0,0,0,0,0,0,0,0,0,0
0,0,0,0,0,0,0,0,0,0,0,0,0,0,0,0
0,0,0,0,0,0,0,0,0,0,0,0,0,0,0,0
0,0,0,0,0,0,0,0,0,0,0,0,0,0,0,0
0,0,0,0,0,0,0,0,0,0,0,0,0,0,0,0
0,0,0,0,0,0,0,0,0,0,0,0,0,0,0,0
0,0,0,0,0,0,0,0,0,0,0,0,0,0,0,0
0,0,0,0,0,0,0,0,0,0,0,0,0,0,0,0
0,0,0,0,0,0,0,0,0,0,0,0,0,0,0,0
0,0,0,0,0,0,0,0,0,0,0,0,0,0,0,0
0,0,0,0,0,0,0,0,0,0,0,0,0,0,0,0
0,0,0,0,0,0,0,0,0,0,0,0,0,0,0,0
0,0,0,0,0,0,0,0,0,0,0,0,0,0,0,0
0,0,0,0,0,0,0,0,0,0,0,0,0,0,0,0
0,0,0,0,0,0,0,0,0,0,0,0,0,0,0,0
0,0,0,0,0,0,0,0,0,0,0,0,0,0,0,0
0,0,0,0,0,0,0,0,0,0,0,0,0,0,0,0
0,0,0,0,0,0,0,0,0,0,0,0,0,0,0,0
0,0,0,0,0,0,0,0,0,0,0,0,0,0,0,0
0,0,0,0,0,0,0,0,0,0,0,0,0,0,0,0
0,0,0,0,0,0,0,0,0,0,0,0,0,0,0,0
0,0,0,0,0,0,0,0,0,0,0,0,0,0,0,0
0,0,0,0,0,0,0,0,0,0,0,0,0,0,0,0
0,0,0,0,0,0,0,0,0,0,0,0,0,0,0,0
0,0,0,0,0,0,0,0,0,0,0,0,0,0,0,0
0,0,0,0,0,0,0,0,0,0,0,0,0,0,0,0
0,0,0,0,0,0,0,0,0,0,0,0,0,0,0,0
0,0,0,0,0,0,0,0,0,0,0,0,0,0,0,0
0,0,0,0,0,0,0,0,0,0,0,0,0,0,0,0
0,0,0,0,0,0,0,0,0,0,0,0,0,0,0,0
0,0,0,0,0,0,0,0,0,0,0,0,0,0,0,0
0,0,0,0,0,0,0,0,0,0,0,0,0,0,0,0
0,0,0,0,0,0,0,0,0,0,0,0,0,0,0,0
0,0,0,0,0,0,0,0,0,0,0,0,0,0,0,0
0,0,0,0,0,0,0,0,0,0,0,0,0,0,0,0
0,0,0,0,0,0,0,0,0,0,0,0,0,0,0,0
0,0,0,0,0,0,0,0,0,0,0,0,0,0,0,0
0,0,0,0,0,0,0,0,0,0,0,0,0,0,0,0
0,0,0,0,0,0,0,0,0,0,0,0,0,0,0,0
0,0,0,0,0,0,0,0,0,0,0,0,0,0,0,0
0,0,0,0,0,0,0,0,0,0,0,0,0,0,0,0
0,0,0,0,0,0,0,0,0,0,0,0,0,0,0,0
0,0,0,0,0,0,0,0,0,0,0,0,0,0,0,0
0,0,0,0,0,0,0,0,0,0,0,0,0,0,0,0
0,0,0,0,0,0,0,0,0,0,0,0,0,0,0,0
0,0,0,0,0,0,0,0,0,0,0,0,0,0,0,0
0,0,0,0,0,0,0,0,0,0,0,0,0,0,0,0
0,0,0,0,0,0,0,0,0,0,0,0,0,0,0,0
0,0,0,0,0,0,0,0,0,0,0,0,0,0,0,0
0,0,0,0,0,0,0,0,0,0,0,0,0,0,0,0
0,0,0,0,0,0,0,0,0,0,0,0,0,0,0,0
0,0,0,0,0,0,0,0,0,0,0,0,0,0,0,0
0,0,0,0,0,0,0,0,0,0,0,0,0,0,0,0
0,0,0,0,0,0,0,0,0,0,0,0,0,0,0,0
0,0,0,0,0,0,0,0,0,0,0,0,0,0,0,0
0,0,0,0,0,0,0,0,0,0,0,0,0,0,0,0
0,0,0,0,0,0,0,0,0,0,0,0,0,0,0,0
0,0,0,0,0,0,0,0,0,0,0,0,0,0,0,0
0,0,0,0,0,0,0,0,0,0,0,0,0,0,0,0
0,0,0,0,0,0,0,0,0,0,0,0,0,0,0,0
0,0,0,0,0,0,0,0,0,0,0,0,0,0,0,0
0,0,0,0,0,0,0,0,0,0,0,0,0,0,0,0
0,0,0,0,0,0,0,0,0,0,0,0,0,0,0,0
0,0,0,0,0,0,0,0,0,0,0,0,0,0,0,0
0,0,0,0,0,0,0,0,0,0,0,0,0,0,0,0
0,0,0,0,0,0,0,0,0,0,0,0,0,0,0,0
0,0,0,0,0,0,0,0,0,0,0,0,0,0,0,0
0,0,0,0,0,0,0,0,0,0,0,0,0,0,0,0
0,0,0,0,0,0,0,0,0,0,0,0,0,0,0,0
0,0,0,0,0,0,0,0,0,0,0,0,0,0,0,0
0,0,0,0,0,0,0,0,0,0,0,0,0,0,0,0
0,0,0,0,0,0,0,0,0,0,0,0,0,0,0,0
0,0,0,0,0,0,0,0,0,0,0,0,0,0,0,0
0,0,0,0,0,0,0,0,0,0,0,0,0,0,0,0
0,0,0,0,0,0,0,0,0,0,0,0,0,0,0,0
0,0,0,0,0,0,0,0,0,0,0,0,0,0,0,0
0,0,0,0,0,0,0,0,0,0,0,0,0,0,0,0
0,0,0,0,0,0,0,0,0,0,0,0,0,0,0,0
0,0,0,0,0,0,0,0,0,0,0,0,0,0,0,0
0,0,0,0,0,0,0,0,0,0,0,0,0,0,0,0
0,0,0,0,0,0,0,0,0,0,0,0,0,0,0,0
0,0,0,0,0,0,0,0,0,0,0,0,0,0,0,0
0,0,0,0,0,0,0,0,0,0,0,0,0,0,0,0
0,0,0,0,0,0,0,0,0,0,0,0,0,0,0,0
0,0,0,0,0,0,0,0,0,0,0,0,0,0,0,0
0,0,0,0,0,0,0,0,0,0,0,0,0,0,0,0
0,0,0,0,0,0,0,0,0,0,0,0,0,0,0,0
0,0,0,0,0,0,0,0,0,0,0,0,0,0,0,0
0,0,0,0,0,0,0,0,0,0,0,0,0,0,0,0
0,0,0,0,0,0,0,0,0,0,0,0,0,0,0,0
0,0,0,0,0,0,0,0,0,0,0,0,0,0,0,0
0,0,0,0,0,0,0,0,0,0,0,0,0,0,0,0
0,0,0,0,0,0,0,0,0,0,0,0,0,0,0,0
0,0,0,0,0,0,0,0,0,0,0,0,0,0,0,0
0,0,0,0,0,0,0,0,0,0,0,0,0,0,0,0
0,0,0,0,0,0,0,0,0,0,0,0,0,0,0,0
0,0,0,0,0,0,0,0,0,0,0,0,0,0,0,0
0,0,0,0,0,0,0,0,0,0,0,0,0,0,0,0
0,0,0,0,0,0,0,0,0,0,0,0,0,0,0,0
0,0,0,0,0,0,0,0,0,0,0,0,0,0,0,0
0,0,0,0,0,0,0,0,0,0,0,0,0,0,0,0
0,0,0,0,0,0,0,0,0,0,0,0,0,0,0,0
0,0,0,0,0,0,0,0,0,0,0,0,0,0,0,0
0,0,0,0,0,0,0,0,0,0,0,0,0,0,0,0
0,0,0,0,0,0,0,0,0,0,0,0,0,0,0,0
0,0,0,0,0,0,0,0,0,0,0,0,0,0,0,0
0,0,0,0,0,0,0,0,0,0,0,0,0,0,0,0
0,0,0,0,0,0,0,0,0,0,0,0,0,0,0,0
0,0,0,0,0,0,0,0,0,0,0,0,0,0,0,0
0,0,0,0,0,0,0,0,0,0,0,0,0,0,0,0
0,0,0,0,0,0,0,0,0,0,0,0,0,0,0,0
0,0,0,0,0,0,0,0,0,0,0,0,0,0,0,0
0,0,0,0,0,0,0,0,0,0,0,0,0,0,0,0
0,0,0,0,0,0,0,0,0,0,0,0,0,0,0,0
0,0,0,0,0,0,0,0,0,0,0,0,0,0,0,0
0,0,0,0,0,0,0,0,0,0,0,0,0,0,0,0
0,0,0,0,0,0,0,0,0,0,0,0,0,0,0,0
0,0,0,0,0,0,0,0,0,0,0,0,0,0,0,0
0,0,0,0,0,0,0,0,0,0,0,0,0,0,0,0
0,0,0,0,0,0,0,0,0,0,0,0,0,0,0,0
0,0,0,0,0,0,0,0,0,0,0,0,0,0,0,0
0,0,0,0,0,0,0,0,0,0,0,0,0,0,0,0
0,0,0,0,0,0,0,0,0,0,0,0,0,0,0,0
0,0,0,0,0,0,0,0,0,0,0,0,0,0,0,0
0,0,0,0,0,0,0,0,0,0,0,0,0,0,0,0
0,0,0,0,0,0,0,0,0,0,0,0,0,0,0,0
0,0,0,0,0,0,0,0,0,0,0,0,0,0,0,0
0,0,0,0,0,0,0,0,0,0,0,0,0,0,0,0
0,0,0,0,0,0,0,0,0,0,0,0,0,0,0,0
0,0,0,0,0,0,0,0,0,0,0,0,0,0,0,0
0,0,0,0,0,0,0,0,0,0,0,0,0,0,0,0
0,0,0,0,0,0,0,0,0,0,0,0,0,0,0,0
0,0,0,0,0,0,0,0,0,0,0,0,0,0,0,0
0,0,0,0,0,0,0,0,0,0,0,0,0,0,0,0
0,0,0,0,0,0,0,0,0,0,0,0,0,0,0,0
0,0,0,0,0,0,0,0,0,0,0,0,0,0,0,0
0,0,0,0,0,0,0,0,0,0,0,0,0,0,0,0
0,0,0,0,0,0,0,0,0,0,0,0,0,0,0,0
0,0,0,0,0,0,0,0,0,0,0,0,0,0,0,0
0,0,0,0,0,0,0,0,0,0,0,0,0,0,0,0
0,0,0,0,0,0,0,0,0,0,0,0,0,0,0,0
0,0,0,0,0,0,0,0,0,0,0,0,0,0,0,0
0,0,0,0,0,0,0,0,0,0,0,0,0,0,0,0
0,0,0,0,0,0,0,0,0,0,0,0,0,0,0,0
0,0,0,0,0,0,0,0,0,0,0,0,0,0,0,0
0,0,0,0,0,0,0,0,0,0,0,0,0,0,0,0
0,0,0,0,0,0,0,0,0,0,0,0,0,0,0,0
0,0,0,0,0,0,0,0,0,0,0,0,0,0,0,0
0,0,0,0,0,0,0,0,0,0,0,0,0,0,0,0
0,0,0,0,0,0,0,0,0,0,0,0,0,0,0,0
0,0,0,0,0,0,0,0,0,0,0,0,0,0,0,0
0,0,0,0,0,0,0,0,0,0,0,0,0,0,0,0
0,0,0,0,0,0,0,0,0,0,0,0,0,0,0,0
0,0,0,0,0,0,0,0,0,0,0,0,0,0,0,0
0,0,0,0,0,0,0,0,0,0,0,0,0,0,0,0
0,0,0,0,0,0,0,0,0,0,0,0,0,0,0,0
0,0,0,0,0,0,0,0,0,0,0,0,0,0,0,0
0,0,0,0,0,0,0,0,0,0,0,0,0,0,0,0
0,0,0,0,0,0,0,0,0,0,0,0,0,0,0,0
0,0,0,0,0,0,0,0,0,0,0,0,0,0,0,0
0,0,0,0,0,0,0,0,0,0,0,0,0,0,0,0
0,0,0,0,0,0,0,0,0,0,0,0,0,0,0,0
0,0,0,0,0,0,0,0,0,0,0,0,0,0,0,0
0,0,0,0,0,0,0,0,0,0,0,0,0,0,0,0
0,0,0,0,0,0,0,0,0,0,0,0,0,0,0,0
0,0,0,0,0,0,0,0,0,0,0,0,0,0,0,0
0,0,0,0,0,0,0,0,0,0,0,0,0,0,0,0
0,0,0,0,0,0,0,0,0,0,0,0,0,0,0,0
0,0,0,0,0,0,0,0,0,0,0,0,0,0,0,0
0,0,0,0,0,0,0,0,0,0,0,0,0,0,0,0
0,0,0,0,0,0,0,0,0,0,0,0,0,0,0,0
0,0,0,0,0,0,0,0,0,0,0,0,0,0,0,0
0,0,0,0,0,0,0,0,0,0,0,0,0,0,0,0
0,0,0,0,0,0,0,0,0,0,0,0,0,0,0,0
0,0,0,0,0,0,0,0,0,0,0,0,0,0,0,0
0,0,0,0,0,0,0,0,0,0,0,0,0,0,0,0
0,0,0,0,0,0,0,0,0,0,0,0,0,0,0,0
0,0,0,0,0,0,0,0,0,0,0,0,0,0,0,0
0,0,0,0,0,0,0,0,0,0,0,0,0,0,0,0
0,0,0,0,0,0,0,0,0,0,0,0,0,0,0,0
0,0,0,0,0,0,0,0,0,0,0,0,0,0,0,0
0,0,0,0,0,0,0,0,0,0,0,0,0,0,0,0
0,0,0,0,0,0,0,0,0,0,0,0,0,0,0,0
0,0,0,0,0,0,0,0,0,0,0,0,0,0,0,0
0,0,0,0,0,0,0,0,0,0,0,0,0,0,0,0
0,0,0,0,0,0,0,0,0,0,0,0,0,0,0,0
0,0,0,0,0,0,0,0,0,0,0,0,0,0,0,0
0,0,0,0,0,0,0,0,0,0,0,0,0,0,0,0
0,0,0,0,0,0,0,0,0,0,0,0,0,0,0,0
0,0,0,0,0,0,0,0,0,0,0,0,0,0,0,0
0,0,0,0,0,0,0,0,0,0,0,0,0,0,0,0
0,0,0,0,0,0,0,0,0,0,0,0,0,0,0,0
0,0,0,0,0,0,0,0,0,0,0,0,0,0,0,0
0,0,0,0,0,0,0,0,0,0,0,0,0,0,0,0
0,0,0,0,0,0,0,0,0,0,0,0,0,0,0,0
0,0,0,0,0,0,0,0,0,0,0,0,0,0,0,0
0,0,0,0,0,0,0,0,0,0,0,0,0,0,0,0
0,0,0,0,0,0,0,0,0,0,0,0,0,0,0,0
0,0,0,0,0,0,0,0,0,0,0,0,0,0,0,0
0,0,0,0,0,0,0,0,0,0,0,0,0,0,0,0
0,0,0,0,0,0,0,0,0,0,0,0,0,0,0,0
0,0,0,0,0,0,0,0,0,0,0,0,0,0,0,0
0,0,0,0,0,0,0,0,0,0,0,0,0,0,0,0
0,0,0,0,0,0,0,0,0,0,0,0,0,0,0,0
0,0,0,0,0,0,0,0,0,0,0,0,0,0,0,0
0,0,0,0,0,0,0,0,0,0,0,0,0,0,0,0
0,0,0,0,0,0,0,0,0,0,0,0,0,0,0,0
0,0,0,0,0,0,0,0,0,0,0,0,0,0,0,0
0,0,0,0,0,0,0,0,0,0,0,0,0,0,0,0
0,0,0,0,0,0,0,0,0,0,0,0,0,0,0,0
0,0,0,0,0,0,0,0,0,0,0,0,0,0,0,0
0,0,0,0,0,0,0,0,0,0,0,0,0,0,0,0
0,0,0,0,0,0,0,0,0,0,0,0,0,0,0,0
0,0,0,0,0,0,0,0,0,0,0,0,0,0,0,0
0,0,0,0,0,0,0,0,0,0,0,0,0,0,0,0
0,0,0,0,0,0,0,0,0,0,0,0,0,0,0,0
0,0,0,0,0,0,0,0,0,0,0,0,0,0,0,0
0,0,0,0,0,0,0,0,0,0,0,0,0,0,0,0
0,0,0,0,0,0,0,0,0,0,0,0,0,0,0,0
0,0,0,0,0,0,0,0,0,0,0,0,0,0,0,0
0,0,0,0,0,0,0,0,0,0,0,0,0,0,0,0
0,0,0,0,0,0,0,0,0,0,0,0,0,0,0,0
0,0,0,0,0,0,0,0,0,0,0,0,0,0,0,0
0,0,0,0,0,0,0,0,0,0,0,0,0,0,0,0
0,0,0,0,0,0,0,0,0,0,0,0,0,0,0,0
0,0,0,0,0,0,0,0,0,0,0,0,0,0,0,0
0,0,0,0,0,0,0,0,0,0,0,0,0,0,0,0
0,0,0,0,0,0,0,0,0,0,0,0,0,0,0,0
0,0,0,0,0,0,0,0,0,0,0,0,0,0,0,0
0,0,0,0,0,0,0,0,0,0,0,0,0,0,0,0
0,0,0,0,0,0,0,0,0,0,0,0,0,0,0,0
0,0,0,0,0,0,0,0,0,0,0,0,0,0,0,0
0,0,0,0,0,0,0,0,0,0,0,0,0,0,0,0
0,0,0,0,0,0,0,0,0,0,0,0,0,0,0,0
0,0,0,0,0,0,0,0,0,0,0,0,0,0,0,0
0,0,0,0,0,0,0,0,0,0,0,0,0,0,0,0
0,0,0,0,0,0,0,0,0,0,0,0,0,0,0,0
0,0,0,0,0,0,0,0,0,0,0,0,0,0,0,0
0,0,0,0,0,0,0,0,0,0,0,0,0,0,0,0
0,0,0,0,0,0,0,0,0,0,0,0,0,0,0,0
0,0,0,0,0,0,0,0,0,0,0,0,0,0,0,0
0,0,0,0,0,0,0,0,0,0,0,0,0,0,0,0
0,0,0,0,0,0,0,0,0,0,0,0,0,0,0,0
0,0,0,0,0,0,0,0,0,0,0,0,0,0,0,0
0,0,0,0,0,0,0,0,0,0,0,0,0,0,0,0
0,0,0,0,0,0,0,0,0,0,0,0,0,0,0,0
0,0,0,0,0,0,0,0,0,0,0,0,0,0,0,0
0,0,0,0,0,0,0,0,0,0,0,0,0,0,0,0
0,0,0,0,0,0,0,0,0,0,0,0,0,0,0,0
0,0,0,0,0,0,0,0,0,0,0,0,0,0,0,0
0,0,0,0,0,0,0,0,0,0,0,0,0,0,0,0
0,0,0,0,0,0,0,0,0,0,0,0,0,0,0,0
0,0,0,0,0,0,0,0,0,0,0,0,0,0,0,0
0,0,0,0,0,0,0,0,0,0,0,0,0,0,0,0
0,0,0,0,0,0,0,0,0,0,0,0,0,0,0,0
0,0,0,0,0,0,0,0,0,0,0,0,0,0,0,0
0,0,0,0,0,0,0,0,0,0,0,0,0,0,0,0
0,0,0,0,0,0,0,0,0,0,0,0,0,0,0,0
0,0,0,0,0,0,0,0,0,0,0,0,0,0,0,0
0,0,0,0,0,0,0,0,0,0,0,0,0,0,0,0
0,0,0,0,0,0,0,0,0,0,0,0,0,0,0,0
0,0,0,0,0,0,0,0,0,0,0,0,0,0,0,0
0,0,0,0,0,0,0,0,0,0,0,0,0,0,0,0
0,0,0,0,0,0,0,0,0,0,0,0,0,0,0,0
0,0,0,0,0,0,0,0,0,0,0,0,0,0,0,0
0,0,0,0,0,0,0,0,0,0,0,0,Inf,Inf,Inf,Inf
0,0,0,0,0,0,0,0,0,0,0,0,Inf,Inf,Inf,Inf
0,0,0,0,0,0,0,0,0,0,0,0,Inf,Inf,Inf,Inf
0,0,0,0,0,0,0,0,0,0,0,0,Inf,Inf,Inf,Inf
0,0,0,0,0,0,0,0,0,0,0,0,Inf,Inf,Inf,Inf
0,0,0,0,0,0,0,0,0,0,0,0,Inf,Inf,Inf,Inf
0,0,0,0,0,0,0,0,0,0,0,0,Inf,Inf,Inf,Inf
0,0,0,0,0,0,0,0,0,0,0,0,Inf,Inf,Inf,Inf
0,0,0,0,0,0,0,0,0,0,0,0,Inf,Inf,Inf,Inf
0,0,0,0,0,0,0,0,0,0,0,0,Inf,Inf,Inf,Inf
0,0,0,0,0,0,0,0,0,0,0,0,Inf,Inf,Inf,Inf
0,0,0,0,0,0,0,0,0,0,0,0,Inf,Inf,Inf,Inf
0,0,0,0,0,0,0,0,0,0,0,0,Inf,Inf,Inf,Inf
0,0,0,0,0,0,0,0,0,0,0,0,Inf,Inf,Inf,Inf
0,0,0,0,0,0,0,0,0,0,0,0,Inf,Inf,Inf,Inf
0,0,0,0,0,0,0,0,0,0,0,0,Inf,Inf,Inf,Inf
0,0,0,0,0,0,0,0,0,0,0,0,Inf,Inf,Inf,Inf
0,0,0,0,0,0,0,0,0,0,0,0,Inf,Inf,Inf,Inf
0,0,0,0,0,0,0,0,0,0,0,0,Inf,Inf,Inf,Inf
0,0,0,0,0,0,0,0,0,0,0,0,Inf,Inf,Inf,Inf
0,0,0,0,0,0,0,0,0,0,0,0,Inf,Inf,Inf,Inf
0,0,0,0,0,0,0,0,0,0,0,0,Inf,Inf,Inf,Inf
0,0,0,0,0,0,0,0,0,0,0,0,Inf,Inf,Inf,Inf
0,0,0,0,0,0,0,0,0,0,0,0,Inf,Inf,Inf,Inf
0,0,0,0,0,0,0,0,0,0,0,0,Inf,Inf,Inf,Inf
0,0,0,0,0,0,0,0,0,0,0,0,Inf,Inf,Inf,Inf
0,0,0,0,0,0,0,0,0,0,0,0,Inf,Inf,Inf,Inf
0,0,0,0,0,0,0,0,0,0,0,0,Inf,Inf,Inf,Inf
0,0,0,0,0,0,0,0,0,0,0,0,Inf,Inf,Inf,Inf
0,0,0,0,0,0,0,0,0,0,0,0,Inf,Inf,Inf,Inf
0,0,0,0,0,0,0,0,0,0,0,0,Inf,Inf,Inf,Inf
0,0,0,0,0,0,0,0,0,0,0,0,Inf,Inf,Inf,Inf
0,0,0,0,0,0,0,0,0,0,0,0,Inf,Inf,Inf,Inf
0,0,0,0,0,0,0,0,0,0,0,0,Inf,Inf,Inf,Inf
0,0,0,0,0,0,0,0,0,0,0,0,Inf,Inf,Inf,Inf
0,0,0,0,0,0,0,0,0,0,0,0,Inf,Inf,Inf,Inf
0,0,0,0,0,0,0,0,0,0,0,0,Inf,Inf,Inf,Inf
0,0,0,0,0,0,0,0,0,0,0,0,Inf,Inf,Inf,Inf
0,0,0,0,0,0,0,0,0,0,0,0,Inf,Inf,Inf,Inf
0,0,0,0,0,0,0,0,0,0,0,0,Inf,Inf,Inf,Inf
0,0,0,0,0,0,0,0,0,0,0,0,Inf,Inf,Inf,Inf
0,0,0,0,0,0,0,0,0,0,0,0,Inf,Inf,Inf,Inf
0,0,0,0,0,0,0,0,0,0,0,0,Inf,Inf,Inf,Inf
0,0,0,0,0,0,0,0,0,0,0,0,Inf,Inf,Inf,Inf
0,0,0,0,0,0,0,0,0,0,0,0,Inf,Inf,Inf,Inf
0,0,0,0,0,0,0,0,0,0,0,0,Inf,Inf,Inf,Inf
0,0,0,0,0,0,0,0,0,0,0,0,Inf,Inf,Inf,Inf
0,0,0,0,0,0,0,0,0,0,0,0,Inf,Inf,Inf,Inf
0,0,0,0,0,0,0,0,0,0,0,0,Inf,Inf,Inf,Inf
0,0,0,0,0,0,0,0,0,0,0,0,Inf,Inf,Inf,Inf
0,0,0,0,0,0,0,0,0,0,0,0,Inf,Inf,Inf,Inf
0,0,0,0,0,0,0,0,0,0,0,0,Inf,Inf,Inf,Inf
0,0,0,0,0,0,0,0,0,0,0,0,Inf,Inf,Inf,Inf
0,0,0,0,0,0,0,0,0,0,0,0,Inf,Inf,Inf,Inf
0,0,0,0,0,0,0,0,0,0,0,0,Inf,Inf,Inf,Inf
0,0,0,0,0,0,0,0,0,0,0,0,Inf,Inf,Inf,Inf
0,0,0,0,0,0,0,0,0,0,0,0,Inf,Inf,Inf,Inf
0,0,0,0,0,0,0,0,0,0,0,0,Inf,Inf,Inf,Inf
0,0,0,0,0,0,0,0,0,0,0,0,Inf,Inf,Inf,Inf
0,0,0,0,0,0,0,0,0,0,0,0,Inf,Inf,Inf,Inf
0,0,0,0,0,0,0,0,0,0,0,0,Inf,Inf,Inf,Inf
0,0,0,0,0,0,0,0,0,0,0,0,Inf,Inf,Inf,Inf
0,0,0,0,0,0,0,0,0,0,0,0,Inf,Inf,Inf,Inf
0,0,0,0,0,0,0,0,0,0,0,0,Inf,Inf,Inf,Inf
0,0,0,0,0,0,0,0,0,0,0,0,Inf,Inf,Inf,Inf
0,0,0,0,0,0,0,0,0,0,0,0,Inf,Inf,Inf,Inf
0,0,0,0,0,0,0,0,0,0,0,0,Inf,Inf,Inf,Inf
0,0,0,0,0,0,0,0,0,0,0,0,Inf,Inf,Inf,Inf
0,0,0,0,0,0,0,0,0,0,0,0,Inf,Inf,Inf,Inf
0,0,0,0,0,0,0,0,0,0,0,0,Inf,Inf,Inf,Inf
0,0,0,0,0,0,0,0,0,0,0,0,Inf,Inf,Inf,Inf
0,0,0,0,0,0,0,0,0,0,0,0,Inf,Inf,Inf,Inf
0,0,0,0,0,0,0,0,0,0,0,0,Inf,Inf,Inf,Inf
0,0,0,0,0,0,0,0,0,0,0,0,Inf,Inf,Inf,Inf
0,0,0,0,0,0,0,0,0,0,0,0,Inf,Inf,Inf,Inf
0,0,0,0,0,0,0,0,0,0,0,0,Inf,Inf,Inf,Inf
0,0,0,0,0,0,0,0,0,0,0,0,Inf,Inf,Inf,Inf
0,0,0,0,0,0,0,0,0,0,0,0,Inf,Inf,Inf,Inf
0,0,0,0,0,0,0,0,0,0,0,0,Inf,Inf,Inf,Inf
0,0,0,0,0,0,0,0,0,0,0,0,Inf,Inf,Inf,Inf
0,0,0,0,0,0,0,0,0,0,0,0,Inf,Inf,Inf,Inf
0,0,0,0,0,0,0,0,0,0,0,0,Inf,Inf,Inf,Inf
0,0,0,0,0,0,0,0,0,0,0,0,Inf,Inf,Inf,Inf
0,0,0,0,0,0,0,0,0,0,0,0,Inf,Inf,Inf,Inf
0,0,0,0,0,0,0,0,0,0,0,0,Inf,Inf,Inf,Inf
0,0,0,0,0,0,0,0,0,0,0,0,Inf,Inf,Inf,Inf
0,0,0,0,0,0,0,0,0,0,0,0,Inf,Inf,Inf,Inf
0,0,0,0,0,0,0,0,0,0,0,0,Inf,Inf,Inf,Inf
0,0,0,0,0,0,0,0,0,0,0,0,Inf,Inf,Inf,Inf
0,0,0,0,0,0,0,0,0,0,0,0,Inf,Inf,Inf,Inf
0,0,0,0,0,0,0,0,0,0,0,0,Inf,Inf,Inf,Inf
0,0,0,0,0,0,0,0,0,0,0,0,Inf,Inf,Inf,Inf
0,0,0,0,0,0,0,0,0,0,0,0,Inf,Inf,Inf,Inf
0,0,0,0,0,0,0,0,0,0,0,0,Inf,Inf,Inf,Inf
0,0,0,0,0,0,0,0,0,0,0,0,Inf,Inf,Inf,Inf
0,0,0,0,0,0,0,0,0,0,0,0,Inf,Inf,Inf,Inf
0,0,0,0,0,0,0,0,0,0,0,0,Inf,Inf,Inf,Inf
0,0,0,0,0,0,0,0,0,0,0,0,Inf,Inf,Inf,Inf
0,0,0,0,0,0,0,0,0,0,0,0,Inf,Inf,Inf,Inf
0,0,0,0,0,0,0,0,0,0,0,0,Inf,Inf,Inf,Inf
0,0,0,0,0,0,0,0,0,0,0,0,Inf,Inf,Inf,Inf
0,0,0,0,0,0,0,0,0,0,0,0,Inf,Inf,Inf,Inf
0,0,0,0,0,0,0,0,0,0,0,0,Inf,Inf,Inf,Inf
0,0,0,0,0,0,0,0,0,0,0,0,Inf,Inf,Inf,Inf
0,0,0,0,0,0,0,0,0,0,0,0,Inf,Inf,Inf,Inf
0,0,0,0,0,0,0,0,0,0,0,0,Inf,Inf,Inf,Inf
0,0,0,0,0,0,0,0,0,0,0,0,Inf,Inf,Inf,Inf
0,0,0,0,0,0,0,0,0,0,0,0,Inf,Inf,Inf,Inf
0,0,0,0,0,0,0,0,0,0,0,0,Inf,Inf,Inf,Inf
0,0,0,0,0,0,0,0,0,0,0,0,Inf,Inf,Inf,Inf
0,0,0,0,0,0,0,0,0,0,0,0,Inf,Inf,Inf,Inf
0,0,0,0,0,0,0,0,0,0,0,0,Inf,Inf,Inf,Inf
0,0,0,0,0,0,0,0,0,0,0,0,Inf,Inf,Inf,Inf
0,0,0,0,0,0,0,0,0,0,0,0,Inf,Inf,Inf,Inf
0,0,0,0,0,0,0,0,0,0,0,0,Inf,Inf,Inf,Inf
0,0,0,0,0,0,0,0,0,0,0,0,Inf,Inf,Inf,Inf
0,0,0,0,0,0,0,0,0,0,0,0,Inf,Inf,Inf,Inf
0,0,0,0,0,0,0,0,0,0,0,0,Inf,Inf,Inf,Inf
0,0,0,0,0,0,0,0,0,0,0,0,Inf,Inf,Inf,Inf
0,0,0,0,0,0,0,0,0,0,0,0,Inf,Inf,Inf,Inf
0,0,0,0,0,0,0,0,0,0,0,0,Inf,Inf,Inf,Inf
0,0,0,0,0,0,0,0,0,0,0,0,Inf,Inf,Inf,Inf
0,0,0,0,0,0,0,0,0,0,0,0,Inf,Inf,Inf,Inf
0,0,0,0,0,0,0,0,0,0,0,0,Inf,Inf,Inf,Inf
0,0,0,0,0,0,0,0,0,0,0,0,Inf,Inf,Inf,Inf
0,0,0,0,0,0,0,0,0,0,0,0,Inf,Inf,Inf,Inf
0,0,0,0,0,0,0,0,0,0,0,0,Inf,Inf,Inf,Inf
0,0,0,0,0,0,0,0,0,0,0,0,Inf,Inf,Inf,Inf
0,0,0,0,0,0,0,0,0,0,0,0,Inf,Inf,Inf,Inf
0,0,0,0,0,0,0,0,0,0,0,0,Inf,Inf,Inf,Inf
0,0,0,0,0,0,0,0,0,0,0,0,Inf,Inf,Inf,Inf
0,0,0,0,0,0,0,0,0,0,0,0,Inf,Inf,Inf,Inf
0,0,0,0,0,0,0,0,0,0,0,0,Inf,Inf,Inf,Inf
0,0,0,0,0,0,0,0,0,0,0,0,Inf,Inf,Inf,Inf
0,0,0,0,0,0,0,0,0,0,0,0,Inf,Inf,Inf,Inf
0,0,0,0,0,0,0,0,0,0,0,0,Inf,Inf,Inf,Inf
0,0,0,0,0,0,0,0,0,0,0,0,Inf,Inf,Inf,Inf
0,0,0,0,0,0,0,0,0,0,0,0,Inf,Inf,Inf,Inf
0,0,0,0,0,0,0,0,0,0,0,0,Inf,Inf,Inf,Inf
0,0,0,0,0,0,0,0,0,0,0,0,Inf,Inf,Inf,Inf
0,0,0,0,0,0,0,0,0,0,0,0,Inf,Inf,Inf,Inf
0,0,0,0,0,0,0,0,0,0,0,0,Inf,Inf,Inf,Inf
0,0,0,0,0,0,0,0,0,0,0,0,Inf,Inf,Inf,Inf
0,0,0,0,0,0,0,0,0,0,0,0,Inf,Inf,Inf,Inf
0,0,0,0,0,0,0,0,0,0,0,0,Inf,Inf,Inf,Inf
0,0,0,0,0,0,0,0,0,0,0,0,Inf,Inf,Inf,Inf
0,0,0,0,0,0,0,0,0,0,0,0,Inf,Inf,Inf,Inf
0,0,0,0,0,0,0,0,0,0,0,0,Inf,Inf,Inf,Inf
0,0,0,0,0,0,0,0,0,0,0,0,Inf,Inf,Inf,Inf
0,0,0,0,0,0,0,0,0,0,0,0,Inf,Inf,Inf,Inf
0,0,0,0,0,0,0,0,0,0,0,0,Inf,Inf,Inf,Inf
0,0,0,0,0,0,0,0,0,0,0,0,Inf,Inf,Inf,Inf
0,0,0,0,0,0,0,0,0,0,0,0,Inf,Inf,Inf,Inf
0,0,0,0,0,0,0,0,0,0,0,0,Inf,Inf,Inf,Inf
0,0,0,0,0,0,0,0,0,0,0,0,Inf,Inf,Inf,Inf
0,0,0,0,0,0,0,0,0,0,0,0,Inf,Inf,Inf,Inf
0,0,0,0,0,0,0,0,0,0,0,0,Inf,Inf,Inf,Inf
0,0,0,0,0,0,0,0,0,0,0,0,Inf,Inf,Inf,Inf
0,0,0,0,0,0,0,0,0,0,0,0,Inf,Inf,Inf,Inf
0,0,0,0,0,0,0,0,0,0,0,0,Inf,Inf,Inf,Inf
0,0,0,0,0,0,0,0,0,0,0,0,Inf,Inf,Inf,Inf
0,0,0,0,0,0,0,0,0,0,0,0,Inf,Inf,Inf,Inf
0,0,0,0,0,0,0,0,0,0,0,0,Inf,Inf,Inf,Inf
0,0,0,0,0,0,0,0,0,0,0,0,Inf,Inf,Inf,Inf
0,0,0,0,0,0,0,0,0,0,0,0,Inf,Inf,Inf,Inf
0,0,0,0,0,0,0,0,0,0,0,0,Inf,Inf,Inf,Inf
0,0,0,0,0,0,0,0,0,0,0,0,Inf,Inf,Inf,Inf
0,0,0,0,0,0,0,0,0,0,0,0,Inf,Inf,Inf,Inf
0,0,0,0,0,0,0,0,0,0,0,0,Inf,Inf,Inf,Inf
0,0,0,0,0,0,0,0,0,0,0,0,Inf,Inf,Inf,Inf
0,0,0,0,0,0,0,0,0,0,0,0,Inf,Inf,Inf,Inf
0,0,0,0,0,0,0,0,0,0,0,0,Inf,Inf,Inf,Inf
0,0,0,0,0,0,0,0,0,0,0,0,Inf,Inf,Inf,Inf
0,0,0,0,0,0,0,0,0,0,0,0,Inf,Inf,Inf,Inf
0,0,0,0,0,0,0,0,0,0,0,0,Inf,Inf,Inf,Inf
0,0,0,0,0,0,0,0,0,0,0,0,Inf,Inf,Inf,Inf
0,0,0,0,0,0,0,0,0,0,0,0,Inf,Inf,Inf,Inf
0,0,0,0,0,0,0,0,0,0,0,0,Inf,Inf,Inf,Inf
0,0,0,0,0,0,0,0,0,0,0,0,Inf,Inf,Inf,Inf
0,0,0,0,0,0,0,0,0,0,0,0,Inf,Inf,Inf,Inf
0,0,0,0,0,0,0,0,0,0,0,0,Inf,Inf,Inf,Inf
0,0,0,0,0,0,0,0,0,0,0,0,Inf,Inf,Inf,Inf
0,0,0,0,0,0,0,0,0,0,0,0,Inf,Inf,Inf,Inf
0,0,0,0,0,0,0,0,0,0,0,0,Inf,Inf,Inf,Inf
0,0,0,0,0,0,0,0,0,0,0,0,Inf,Inf,Inf,Inf
0,0,0,0,0,0,0,0,0,0,0,0,Inf,Inf,Inf,Inf
0,0,0,0,0,0,0,0,0,0,0,0,Inf,Inf,Inf,Inf
0,0,0,0,0,0,0,0,0,0,0,0,Inf,Inf,Inf,Inf
0,0,0,0,0,0,0,0,0,0,0,0,Inf,Inf,Inf,Inf
0,0,0,0,0,0,0,0,0,0,0,0,Inf,Inf,Inf,Inf
0,0,0,0,0,0,0,0,0,0,0,0,Inf,Inf,Inf,Inf
0,0,0,0,0,0,0,0,0,0,0,0,Inf,Inf,Inf,Inf
0,0,0,0,0,0,0,0,0,0,0,0,Inf,Inf,Inf,Inf
0,0,0,0,0,0,0,0,0,0,0,0,Inf,Inf,Inf,Inf
0,0,0,0,0,0,0,0,0,0,0,0,Inf,Inf,Inf,Inf
0,0,0,0,0,0,0,0,0,0,0,0,Inf,Inf,Inf,Inf
0,0,0,0,0,0,0,0,0,0,0,0,Inf,Inf,Inf,Inf
0,0,0,0,0,0,0,0,0,0,0,0,Inf,Inf,Inf,Inf
0,0,0,0,0,0,0,0,0,0,0,0,Inf,Inf,Inf,Inf
0,0,0,0,0,0,0,0,0,0,0,0,Inf,Inf,Inf,Inf
0,0,0,0,0,0,0,0,0,0,0,0,Inf,Inf,Inf,Inf
0,0,0,0,0,0,0,0,0,0,0,0,Inf,Inf,Inf,Inf
0,0,0,0,0,0,0,0,0,0,0,0,Inf,Inf,Inf,Inf
0,0,0,0,0,0,0,0,0,0,0,0,Inf,Inf,Inf,Inf
0,0,0,0,0,0,0,0,0,0,0,0,Inf,Inf,Inf,Inf
0,0,0,0,0,0,0,0,0,0,0,0,Inf,Inf,Inf,Inf
0,0,0,0,0,0,0,0,0,0,0,0,Inf,Inf,Inf,Inf
0,0,0,0,0,0,0,0,0,0,0,0,Inf,Inf,Inf,Inf
0,0,0,0,0,0,0,0,0,0,0,0,Inf,Inf,Inf,Inf
0,0,0,0,0,0,0,0,0,0,0,0,Inf,Inf,Inf,Inf
0,0,0,0,0,0,0,0,0,0,0,0,Inf,Inf,Inf,Inf
0,0,0,0,0,0,0,0,0,0,0,0,Inf,Inf,Inf,Inf
0,0,0,0,0,0,0,0,0,0,0,0,Inf,Inf,Inf,Inf
0,0,0,0,0,0,0,0,0,0,0,0,Inf,Inf,Inf,Inf
0,0,0,0,0,0,0,0,0,0,0,0,Inf,Inf,Inf,Inf
0,0,0,0,0,0,0,0,0,0,0,0,Inf,Inf,Inf,Inf
0,0,0,0,0,0,0,0,0,0,0,0,Inf,Inf,Inf,Inf
0,0,0,0,0,0,0,0,0,0,0,0,Inf,Inf,Inf,Inf
0,0,0,0,0,0,0,0,0,0,0,0,Inf,Inf,Inf,Inf
0,0,0,0,0,0,0,0,0,0,0,0,Inf,Inf,Inf,Inf
0,0,0,0,0,0,0,0,0,0,0,0,Inf,Inf,Inf,Inf
0,0,0,0,0,0,0,0,0,0,0,0,Inf,Inf,Inf,Inf
0,0,0,0,0,0,0,0,0,0,0,0,Inf,Inf,Inf,Inf
0,0,0,0,0,0,0,0,0,0,0,0,Inf,Inf,Inf,Inf
0,0,0,0,0,0,0,0,0,0,0,0,Inf,Inf,Inf,Inf
0,0,0,0,0,0,0,0,0,0,0,0,Inf,Inf,Inf,Inf
0,0,0,0,0,0,0,0,0,0,0,0,Inf,Inf,Inf,Inf
0,0,0,0,0,0,0,0,0,0,0,0,Inf,Inf,Inf,Inf
0,0,0,0,0,0,0,0,0,0,0,0,Inf,Inf,Inf,Inf
0,0,0,0,0,0,0,0,0,0,0,0,Inf,Inf,Inf,Inf
0,0,0,0,0,0,0,0,0,0,0,0,Inf,Inf,Inf,Inf
0,0,0,0,0,0,0,0,0,0,0,0,Inf,Inf,Inf,Inf
0,0,0,0,0,0,0,0,0,0,0,0,Inf,Inf,Inf,Inf
0,0,0,0,0,0,0,0,0,0,0,0,Inf,Inf,Inf,Inf
0,0,0,0,0,0,0,0,0,0,0,0,Inf,Inf,Inf,Inf
0,0,0,0,0,0,0,0,0,0,0,0,Inf,Inf,Inf,Inf
0,0,0,0,0,0,0,0,0,0,0,0,Inf,Inf,Inf,Inf
0,0,0,0,0,0,0,0,0,0,0,0,Inf,Inf,Inf,Inf
0,0,0,0,0,0,0,0,0,0,0,0,Inf,Inf,Inf,Inf
0,0,0,0,0,0,0,0,0,0,0,0,Inf,Inf,Inf,Inf
0,0,0,0,0,0,0,0,0,0,0,0,Inf,Inf,Inf,Inf
0,0,0,0,0,0,0,0,0,0,0,0,Inf,Inf,Inf,Inf
0,0,0,0,0,0,0,0,0,0,0,0,Inf,Inf,Inf,Inf
0,0,0,0,0,0,0,0,0,0,0,0,Inf,Inf,Inf,Inf
0,0,0,0,0,0,0,0,0,0,0,0,Inf,Inf,Inf,Inf
0,0,0,0,0,0,0,0,0,0,0,0,Inf,Inf,Inf,Inf
0,0,0,0,0,0,0,0,0,0,0,0,Inf,Inf,Inf,Inf
0,0,0,0,0,0,0,0,0,0,0,0,Inf,Inf,Inf,Inf
0,0,0,0,0,0,0,0,0,0,0,0,Inf,Inf,Inf,Inf
0,0,0,0,0,0,0,0,0,0,0,0,Inf,Inf,Inf,Inf
0,0,0,0,0,0,0,0,0,0,0,0,Inf,Inf,Inf,Inf
0,0,0,0,0,0,0,0,0,0,0,0,Inf,Inf,Inf,Inf
0,0,0,0,0,0,0,0,0,0,0,0,Inf,Inf,Inf,Inf
0,0,0,0,0,0,0,0,0,0,0,0,Inf,Inf,Inf,Inf
0,0,0,0,0,0,0,0,0,0,0,0,Inf,Inf,Inf,Inf
0,0,0,0,0,0,0,0,0,0,0,0,Inf,Inf,Inf,Inf
0,0,0,0,0,0,0,0,0,0,0,0,Inf,Inf,Inf,Inf
0,0,0,0,0,0,0,0,0,0,0,0,Inf,Inf,Inf,Inf
0,0,0,0,0,0,0,0,0,0,0,0,Inf,Inf,Inf,Inf
0,0,0,0,0,0,0,0,0,0,0,0,Inf,Inf,Inf,Inf
0,0,0,0,0,0,0,0,0,0,0,0,Inf,Inf,Inf,Inf
0,0,0,0,0,0,0,0,0,0,0,0,Inf,Inf,Inf,Inf
0,0,0,0,0,0,0,0,0,0,0,0,Inf,Inf,Inf,Inf
0,0,0,0,0,0,0,0,0,0,0,0,Inf,Inf,Inf,Inf
0,0,0,0,0,0,0,0,0,0,0,0,Inf,Inf,Inf,Inf
0,0,0,0,0,0,0,0,0,0,0,0,Inf,Inf,Inf,Inf
0,0,0,0,0,0,0,0,0,0,0,0,Inf,Inf,Inf,Inf
0,0,0,0,0,0,0,0,0,0,0,0,Inf,Inf,Inf,Inf
0,0,0,0,0,0,0,0,0,0,0,0,Inf,Inf,Inf,Inf
0,0,0,0,0,0,0,0,0,0,0,0,Inf,Inf,Inf,Inf
0,0,0,0,0,0,0,0,0,0,0,0,Inf,Inf,Inf,Inf
0,0,0,0,0,0,0,0,0,0,0,0,Inf,Inf,Inf,Inf
0,0,0,0,0,0,0,0,0,0,0,0,Inf,Inf,Inf,Inf
0,0,0,0,0,0,0,0,0,0,0,0,Inf,Inf,Inf,Inf
0,0,0,0,0,0,0,0,0,0,0,0,Inf,Inf,Inf,Inf
0,0,0,0,0,0,0,0,0,0,0,0,Inf,Inf,Inf,Inf
0,0,0,0,0,0,0,0,0,0,0,0,Inf,Inf,Inf,Inf
0,0,0,0,0,0,0,0,0,0,0,0,Inf,Inf,Inf,Inf
0,0,0,0,0,0,0,0,0,0,0,0,Inf,Inf,Inf,Inf
0,0,0,0,0,0,0,0,0,0,0,0,Inf,Inf,Inf,Inf
0,0,0,0,0,0,0,0,0,0,0,0,Inf,Inf,Inf,Inf
0,0,0,0,0,0,0,0,0,0,0,0,Inf,Inf,Inf,Inf
0,0,0,0,0,0,0,0,0,0,0,0,Inf,Inf,Inf,Inf
0,0,0,0,0,0,0,0,0,0,0,0,Inf,Inf,Inf,Inf
0,0,0,0,0,0,0,0,0,0,0,0,Inf,Inf,Inf,Inf
0,0,0,0,0,0,0,0,0,0,0,0,Inf,Inf,Inf,Inf
0,0,0,0,0,0,0,0,0,0,0,0,Inf,Inf,Inf,Inf
0,0,0,0,0,0,0,0,0,0,0,0,Inf,Inf,Inf,Inf
0,0,0,0,0,0,0,0,0,0,0,0,Inf,Inf,Inf,Inf
0,0,0,0,0,0,0,0,0,0,0,0,Inf,Inf,Inf,Inf
0,0,0,0,0,0,0,0,0,0,0,0,Inf,Inf,Inf,Inf
0,0,0,0,0,0,0,0,0,0,0,0,Inf,Inf,Inf,Inf
0,0,0,0,0,0,0,0,0,0,0,0,Inf,Inf,Inf,Inf
0,0,0,0,0,0,0,0,0,0,0,0,Inf,Inf,Inf,Inf
0,0,0,0,0,0,0,0,0,0,0,0,Inf,Inf,Inf,Inf
0,0,0,0,0,0,0,0,0,0,0,0,Inf,Inf,Inf,Inf
0,0,0,0,0,0,0,0,0,0,0,0,Inf,Inf,Inf,Inf
0,0,0,0,0,0,0,0,0,0,0,0,Inf,Inf,Inf,Inf
0,0,0,0,0,0,0,0,0,0,0,0,Inf,Inf,Inf,Inf
0,0,0,0,0,0,0,0,0,0,0,0,Inf,Inf,Inf,Inf
0,0,0,0,0,0,0,0,0,0,0,0,Inf,Inf,Inf,Inf
0,0,0,0,0,0,0,0,0,0,0,0,Inf,Inf,Inf,Inf
0,0,0,0,0,0,0,0,0,0,0,0,Inf,Inf,Inf,Inf
0,0,0,0,0,0,0,0,0,0,0,0,Inf,Inf,Inf,Inf
0,0,0,0,0,0,0,0,0,0,0,0,Inf,Inf,Inf,Inf
0,0,0,0,0,0,0,0,0,0,0,0,Inf,Inf,Inf,Inf
0,0,0,0,0,0,0,0,0,0,0,0,Inf,Inf,Inf,Inf
0,0,0,0,0,0,0,0,0,0,0,0,Inf,Inf,Inf,Inf
0,0,0,0,0,0,0,0,0,0,0,0,Inf,Inf,Inf,Inf
0,0,0,0,0,0,0,0,0,0,0,0,Inf,Inf,Inf,Inf
0,0,0,0,0,0,0,0,0,0,0,0,Inf,Inf,Inf,Inf
0,0,0,0,0,0,0,0,0,0,0,0,Inf,Inf,Inf,Inf
0,0,0,0,0,0,0,0,0,0,0,0,Inf,Inf,Inf,Inf
0,0,0,0,0,0,0,0,0,0,0,0,Inf,Inf,Inf,Inf
0,0,0,0,0,0,0,0,0,0,0,0,Inf,Inf,Inf,Inf
0,0,0,0,0,0,0,0,0,0,0,0,Inf,Inf,Inf,Inf
0,0,0,0,0,0,0,0,0,0,0,0,Inf,Inf,Inf,Inf
0,0,0,0,0,0,0,0,0,0,0,0,Inf,Inf,Inf,Inf
0,0,0,0,0,0,0,0,0,0,0,0,Inf,Inf,Inf,Inf
0,0,0,0,0,0,0,0,0,0,0,0,Inf,Inf,Inf,Inf
0,0,0,0,0,0,0,0,0,0,0,0,Inf,Inf,Inf,Inf
0,0,0,0,0,0,0,0,0,0,0,0,Inf,Inf,Inf,Inf
0,0,0,0,0,0,0,0,0,0,0,0,Inf,Inf,Inf,Inf
0,0,0,0,0,0,0,0,0,0,0,0,Inf,Inf,Inf,Inf
0,0,0,0,0,0,0,0,0,0,0,0,Inf,Inf,Inf,Inf
0,0,0,0,0,0,0,0,0,0,0,0,Inf,Inf,Inf,Inf
0,0,0,0,0,0,0,0,0,0,0,0,Inf,Inf,Inf,Inf
0,0,0,0,0,0,0,0,0,0,0,0,Inf,Inf,Inf,Inf
0,0,0,0,0,0,0,0,0,0,0,0,Inf,Inf,Inf,Inf
0,0,0,0,0,0,0,0,0,0,0,0,Inf,Inf,Inf,Inf
0,0,0,0,0,0,0,0,0,0,0,0,Inf,Inf,Inf,Inf
0,0,0,0,0,0,0,0,0,0,0,0,Inf,Inf,Inf,Inf
0,0,0,0,0,0,0,0,0,0,0,0,Inf,Inf,Inf,Inf
0,0,0,0,0,0,0,0,0,0,0,0,Inf,Inf,Inf,Inf
0,0,0,0,0,0,0,0,0,0,0,0,Inf,Inf,Inf,Inf
0,0,0,0,0,0,0,0,0,0,0,0,Inf,Inf,Inf,Inf
0,0,0,0,0,0,0,0,0,0,0,0,Inf,Inf,Inf,Inf
0,0,0,0,0,0,0,0,0,0,0,0,Inf,Inf,Inf,Inf
0,0,0,0,0,0,0,0,0,0,0,0,Inf,Inf,Inf,Inf
0,0,0,0,0,0,0,0,0,0,0,0,Inf,Inf,Inf,Inf
0,0,0,0,0,0,0,0,0,0,0,0,Inf,Inf,Inf,Inf
0,0,0,0,0,0,0,0,0,0,0,0,Inf,Inf,Inf,Inf
0,0,0,0,0,0,0,0,0,0,0,0,Inf,Inf,Inf,Inf
0,0,0,0,0,0,0,0,0,0,0,0,Inf,Inf,Inf,Inf
0,0,0,0,0,0,0,0,0,0,0,0,Inf,Inf,Inf,Inf
0,0,0,0,0,0,0,0,0,0,0,0,Inf,Inf,Inf,Inf
0,0,0,0,0,0,0,0,0,0,0,0,Inf,Inf,Inf,Inf
0,0,0,0,0,0,0,0,0,0,0,0,Inf,Inf,Inf,Inf
0,0,0,0,0,0,0,0,0,0,0,0,Inf,Inf,Inf,Inf
0,0,0,0,0,0,0,0,0,0,0,0,Inf,Inf,Inf,Inf
0,0,0,0,0,0,0,0,0,0,0,0,Inf,Inf,Inf,Inf
0,0,0,0,0,0,0,0,0,0,0,0,Inf,Inf,Inf,Inf
0,0,0,0,0,0,0,0,0,0,0,0,Inf,Inf,Inf,Inf
0,0,0,0,0,0,0,0,0,0,0,0,Inf,Inf,Inf,Inf
0,0,0,0,0,0,0,0,0,0,0,0,Inf,Inf,Inf,Inf
0,0,0,0,0,0,0,0,0,0,0,0,Inf,Inf,Inf,Inf
0,0,0,0,0,0,0,0,0,0,0,0,Inf,Inf,Inf,Inf
0,0,0,0,0,0,0,0,0,0,0,0,Inf,Inf,Inf,Inf
0,0,0,0,0,0,0,0,0,0,0,0,Inf,Inf,Inf,Inf
0,0,0,0,0,0,0,0,0,0,0,0,Inf,Inf,Inf,Inf
0,0,0,0,0,0,0,0,0,0,0,0,Inf,Inf,Inf,Inf
0,0,0,0,0,0,0,0,0,0,0,0,Inf,Inf,Inf,Inf
0,0,0,0,0,0,0,0,0,0,0,0,Inf,Inf,Inf,Inf
0,0,0,0,0,0,0,0,0,0,0,0,Inf,Inf,Inf,Inf
0,0,0,0,0,0,0,0,0,0,0,0,Inf,Inf,Inf,Inf
0,0,0,0,0,0,0,0,0,0,0,0,Inf,Inf,Inf,Inf
0,0,0,0,0,0,0,0,0,0,0,0,Inf,Inf,Inf,Inf
0,0,0,0,0,0,0,0,0,0,0,0,Inf,Inf,Inf,Inf
0,0,0,0,0,0,0,0,0,0,0,0,Inf,Inf,Inf,Inf
0,0,0,0,0,0,0,0,0,0,0,0,Inf,Inf,Inf,Inf
0,0,0,0,0,0,0,0,0,0,0,0,Inf,Inf,Inf,Inf
0,0,0,0,0,0,0,0,0,0,0,0,Inf,Inf,Inf,Inf
0,0,0,0,0,0,0,0,0,0,0,0,Inf,Inf,Inf,Inf
0,0,0,0,0,0,0,0,0,0,0,0,Inf,Inf,Inf,Inf
0,0,0,0,0,0,0,0,0,0,0,0,Inf,Inf,Inf,Inf
0,0,0,0,0,0,0,0,0,0,0,0,Inf,Inf,Inf,Inf
0,0,0,0,0,0,0,0,0,0,0,0,Inf,Inf,Inf,Inf
0,0,0,0,0,0,0,0,0,0,0,0,Inf,Inf,Inf,Inf
0,0,0,0,0,0,0,0,0,0,0,0,Inf,Inf,Inf,Inf
0,0,0,0,0,0,0,0,0,0,0,0,Inf,Inf,Inf,Inf
0,0,0,0,0,0,0,0,0,0,0,0,Inf,Inf,Inf,Inf
0,0,0,0,0,0,0,0,0,0,0,0,Inf,Inf,Inf,Inf
0,0,0,0,0,0,0,0,0,0,0,0,Inf,Inf,Inf,Inf
0,0,0,0,0,0,0,0,0,0,0,0,Inf,Inf,Inf,Inf
0,0,0,0,0,0,0,0,0,0,0,0,Inf,Inf,Inf,Inf
0,0,0,0,0,0,0,0,0,0,0,0,Inf,Inf,Inf,Inf
0,0,0,0,0,0,0,0,0,0,0,0,Inf,Inf,Inf,Inf
0,0,0,0,0,0,0,0,0,0,0,0,Inf,Inf,Inf,Inf
0,0,0,0,0,0,0,0,0,0,0,0,Inf,Inf,Inf,Inf
0,0,0,0,0,0,0,0,0,0,0,0,Inf,Inf,Inf,Inf
0,0,0,0,0,0,0,0,0,0,0,0,Inf,Inf,Inf,Inf
0,0,0,0,0,0,0,0,0,0,0,0,Inf,Inf,Inf,Inf
0,0,0,0,0,0,0,0,0,0,0,0,Inf,Inf,Inf,Inf
0,0,0,0,0,0,0,0,0,0,0,0,Inf,Inf,Inf,Inf
0,0,0,0,0,0,0,0,0,0,0,0,Inf,Inf,Inf,Inf
0,0,0,0,0,0,0,0,0,0,0,0,Inf,Inf,Inf,Inf
0,0,0,0,0,0,0,0,0,0,0,0,Inf,Inf,Inf,Inf
0,0,0,0,0,0,0,0,0,0,0,0,Inf,Inf,Inf,Inf
0,0,0,0,0,0,0,0,0,0,0,0,Inf,Inf,Inf,Inf
0,0,0,0,0,0,0,0,0,0,0,0,Inf,Inf,Inf,Inf
0,0,0,0,0,0,0,0,0,0,0,0,Inf,Inf,Inf,Inf
0,0,0,0,0,0,0,0,0,0,0,0,Inf,Inf,Inf,Inf
0,0,0,0,0,0,0,0,0,0,0,0,Inf,Inf,Inf,Inf
0,0,0,0,0,0,0,0,0,0,0,0,Inf,Inf,Inf,Inf
0,0,0,0,0,0,0,0,0,0,0,0,Inf,Inf,Inf,Inf
0,0,0,0,0,0,0,0,0,0,0,0,Inf,Inf,Inf,Inf
0,0,0,0,0,0,0,0,0,0,0,0,Inf,Inf,Inf,Inf
0,0,0,0,0,0,0,0,0,0,0,0,Inf,Inf,Inf,Inf
0,0,0,0,0,0,0,0,0,0,0,0,Inf,Inf,Inf,Inf
0,0,0,0,0,0,0,0,0,0,0,0,Inf,Inf,Inf,Inf
0,0,0,0,0,0,0,0,0,0,0,0,Inf,Inf,Inf,Inf
0,0,0,0,0,0,0,0,0,0,0,0,Inf,Inf,Inf,Inf
0,0,0,0,0,0,0,0,0,0,0,0,Inf,Inf,Inf,Inf
0,0,0,0,0,0,0,0,0,0,0,0,Inf,Inf,Inf,Inf
0,0,0,0,0,0,0,0,0,0,0,0,Inf,Inf,Inf,Inf
0,0,0,0,0,0,0,0,0,0,0,0,Inf,Inf,Inf,Inf
0,0,0,0,0,0,0,0,0,0,0,0,Inf,Inf,Inf,Inf
0,0,0,0,0,0,0,0,0,0,0,0,Inf,Inf,Inf,Inf
0,0,0,0,0,0,0,0,0,0,0,0,Inf,Inf,Inf,Inf
0,0,0,0,0,0,0,0,0,0,0,0,Inf,Inf,Inf,Inf
0,0,0,0,0,0,0,0,0,0,0,0,Inf,Inf,Inf,Inf
0,0,0,0,0,0,0,0,0,0,0,0,Inf,Inf,Inf,Inf
0,0,0,0,0,0,0,0,0,0,0,0,Inf,Inf,Inf,Inf
0,0,0,0,0,0,0,0,0,0,0,0,Inf,Inf,Inf,Inf
0,0,0,0,0,0,0,0,0,0,0,0,Inf,Inf,Inf,Inf
0,0,0,0,0,0,0,0,0,0,0,0,Inf,Inf,Inf,Inf
0,0,0,0,0,0,0,0,0,0,0,0,Inf,Inf,Inf,Inf
0,0,0,0,0,0,0,0,0,0,0,0,Inf,Inf,Inf,Inf
0,0,0,0,0,0,0,0,0,0,0,0,Inf,Inf,Inf,Inf
0,0,0,0,0,0,0,0,0,0,0,0,Inf,Inf,Inf,Inf
0,0,0,0,0,0,0,0,0,0,0,0,Inf,Inf,Inf,Inf
0,0,0,0,0,0,0,0,0,0,0,0,Inf,Inf,Inf,Inf
0,0,0,0,0,0,0,0,0,0,0,0,Inf,Inf,Inf,Inf
0,0,0,0,0,0,0,0,0,0,0,0,Inf,Inf,Inf,Inf
0,0,0,0,0,0,0,0,0,0,0,0,Inf,Inf,Inf,Inf
0,0,0,0,0,0,0,0,0,0,0,0,Inf,Inf,Inf,Inf
0,0,0,0,0,0,0,0,0,0,0,0,Inf,Inf,Inf,Inf
0,0,0,0,0,0,0,0,0,0,0,0,Inf,Inf,Inf,Inf
0,0,0,0,0,0,0,0,0,0,0,0,Inf,Inf,Inf,Inf
0,0,0,0,0,0,0,0,0,0,0,0,Inf,Inf,Inf,Inf
0,0,0,0,0,0,0,0,0,0,0,0,Inf,Inf,Inf,Inf
0,0,0,0,0,0,0,0,0,0,0,0,Inf,Inf,Inf,Inf
0,0,0,0,0,0,0,0,0,0,0,0,Inf,Inf,Inf,Inf
0,0,0,0,0,0,0,0,0,0,0,0,Inf,Inf,Inf,Inf
0,0,0,0,0,0,0,0,0,0,0,0,Inf,Inf,Inf,Inf
0,0,0,0,0,0,0,0,0,0,0,0,Inf,Inf,Inf,Inf
0,0,0,0,0,0,0,0,0,0,0,0,Inf,Inf,Inf,Inf
0,0,0,0,0,0,0,0,0,0,0,0,Inf,Inf,Inf,Inf
0,0,0,0,0,0,0,0,0,0,0,0,Inf,Inf,Inf,Inf
0,0,0,0,0,0,0,0,0,0,0,0,Inf,Inf,Inf,Inf
0,0,0,0,0,0,0,0,0,0,0,0,Inf,Inf,Inf,Inf
0,0,0,0,0,0,0,0,0,0,0,0,Inf,Inf,Inf,Inf
0,0,0,0,0,0,0,0,0,0,0,0,Inf,Inf,Inf,Inf
0,0,0,0,0,0,0,0,0,0,0,0,Inf,Inf,Inf,Inf
0,0,0,0,0,0,0,0,0,0,0,0,Inf,Inf,Inf,Inf
0,0,0,0,0,0,0,0,0,0,0,0,Inf,Inf,Inf,Inf
0,0,0,0,0,0,0,0,0,0,0,0,Inf,Inf,Inf,Inf
0,0,0,0,0,0,0,0,0,0,0,0,Inf,Inf,Inf,Inf
0,0,0,0,0,0,0,0,0,0,0,0,Inf,Inf,Inf,Inf
0,0,0,0,0,0,0,0,0,0,0,0,Inf,Inf,Inf,Inf
0,0,0,0,0,0,0,0,0,0,0,0,Inf,Inf,Inf,Inf
0,0,0,0,0,0,0,0,0,0,0,0,Inf,Inf,Inf,Inf
0,0,0,0,0,0,0,0,0,0,0,0,Inf,Inf,Inf,Inf
0,0,0,0,0,0,0,0,0,0,0,0,Inf,Inf,Inf,Inf
0,0,0,0,0,0,0,0,0,0,0,0,Inf,Inf,Inf,Inf
0,0,0,0,0,0,0,0,0,0,0,0,Inf,Inf,Inf,Inf
0,0,0,0,0,0,0,0,0,0,0,0,Inf,Inf,Inf,Inf
0,0,0,0,0,0,0,0,0,0,0,0,Inf,Inf,Inf,Inf
0,0,0,0,0,0,0,0,0,0,0,0,Inf,Inf,Inf,Inf
0,0,0,0,0,0,0,0,0,0,0,0,Inf,Inf,Inf,Inf
0,0,0,0,0,0,0,0,0,0,0,0,Inf,Inf,Inf,Inf
0,0,0,0,0,0,0,0,0,0,0,0,Inf,Inf,Inf,Inf
0,0,0,0,0,0,0,0,0,0,0,0,Inf,Inf,Inf,Inf
0,0,0,0,0,0,0,0,0,0,0,0,Inf,Inf,Inf,Inf
0,0,0,0,0,0,0,0,0,0,0,0,Inf,Inf,Inf,Inf
0,0,0,0,0,0,0,0,0,0,0,0,Inf,Inf,Inf,Inf
0,0,0,0,0,0,0,0,0,0,0,0,Inf,Inf,Inf,Inf
0,0,0,0,0,0,0,0,0,0,0,0,Inf,Inf,Inf,Inf
0,0,0,0,0,0,0,0,0,0,0,0,Inf,Inf,Inf,Inf
0,0,0,0,0,0,0,0,0,0,0,0,Inf,Inf,Inf,Inf
0,0,0,0,0,0,0,0,0,0,0,0,Inf,Inf,Inf,Inf
0,0,0,0,0,0,0,0,0,0,0,0,Inf,Inf,Inf,Inf
0,0,0,0,0,0,0,0,0,0,0,0,Inf,Inf,Inf,Inf
0,0,0,0,0,0,0,0,0,0,0,0,Inf,Inf,Inf,Inf
0,0,0,0,0,0,0,0,0,0,0,0,Inf,Inf,Inf,Inf
0,0,0,0,0,0,0,0,0,0,0,0,Inf,Inf,Inf,Inf
0,0,0,0,0,0,0,0,0,0,0,0,Inf,Inf,Inf,Inf
0,0,0,0,0,0,0,0,0,0,0,0,Inf,Inf,Inf,Inf
0,0,0,0,0,0,0,0,0,0,0,0,Inf,Inf,Inf,Inf
0,0,0,0,0,0,0,0,0,0,0,0,Inf,Inf,Inf,Inf
0,0,0,0,0,0,0,0,0,0,0,0,Inf,Inf,Inf,Inf
0,0,0,0,0,0,0,0,0,0,0,0,Inf,Inf,Inf,Inf
0,0,0,0,0,0,0,0,0,0,0,0,Inf,Inf,Inf,Inf
0,0,0,0,0,0,0,0,0,0,0,0,Inf,Inf,Inf,Inf
0,0,0,0,0,0,0,0,0,0,0,0,Inf,Inf,Inf,Inf
0,0,0,0,0,0,0,0,0,0,0,0,Inf,Inf,Inf,Inf
0,0,0,0,0,0,0,0,0,0,0,0,Inf,Inf,Inf,Inf
0,0,0,0,0,0,0,0,0,0,0,0,Inf,Inf,Inf,Inf
0,0,0,0,0,0,0,0,0,0,0,0,Inf,Inf,Inf,Inf
0,0,0,0,0,0,0,0,0,0,0,0,Inf,Inf,Inf,Inf
